Date,Open,High,Low,Close,Volume,Adj Close
2000-01-03,21.4375,21.687501,20.750001,20.812501,1159300,6.209445
2000-01-04,20.437501,21.000001,20.3125,20.375002,1573600,6.078916
2000-01-05,20.375002,20.687502,20.187501,20.500001,1170100,6.11621
2000-01-06,20.3125,21.4375,20.250001,21.062501,3331000,6.284033
2000-01-07,21.562501,22.500001,21.312501,21.687501,3320000,6.470502
2000-01-10,21.687501,21.687501,20.812501,21.000001,2253000,6.265386
2000-01-11,21.000001,21.937501,20.937502,21.812502,2187900,6.507797
2000-01-12,21.937501,22.0,21.625001,21.687501,2108700,6.470502
2000-01-13,21.687501,22.500001,21.625001,22.375002,2993400,6.675619
2000-01-14,22.375002,22.437501,21.562501,22.0,1921800,6.563737
2000-01-18,21.500002,22.125002,21.250002,22.0,2640600,6.563737
2000-01-19,22.0,22.500001,21.812502,22.3125,3022800,6.6569720000000006
2000-01-20,22.625002,22.625002,21.875001,22.125002,1644200,6.601031
2000-01-21,22.125002,22.250001,21.500002,21.687501,3211000,6.470502
2000-01-24,22.0,22.0,20.625002,20.875,2714600,6.228091
2000-01-25,21.75,21.75,19.750002,19.812502,4277200,5.911093
2000-01-26,20.0,20.5625,19.875001,20.3125,2691000,6.060269
2000-01-27,20.5625,20.5625,19.937501,20.125001,2266500,6.004328
2000-01-28,19.750002,20.375002,19.750002,20.0,2205900,5.967034
2000-01-31,20.187501,20.187501,19.250001,19.875001,2257800,5.92974
2000-02-01,19.812502,20.0,19.375001,19.812502,1598000,5.911093
2000-02-02,19.812502,20.125001,19.500002,19.625001,2523900,5.8551519999999995
2000-02-03,19.500002,19.750002,19.312501,19.500002,1725100,5.817858
2000-02-04,19.6875,19.812502,19.4375,19.500002,1903100,5.817858
2000-02-07,19.312501,19.562501,19.250001,19.4375,1669200,5.799211
2000-02-08,19.312501,19.562501,19.125,19.312501,1479000,5.7619169999999995
2000-02-09,19.500002,19.500002,18.875002,19.000001,4358200,5.6686819999999996
2000-02-10,19.000001,19.500002,18.937502,18.937502,2305900,5.650035
2000-02-11,19.000001,19.187502,18.375001,18.500001,4580800,5.519506
2000-02-14,18.500001,18.5625,16.750001,17.250001,9827100,5.146567
2000-02-15,17.187502,18.0,16.937501,17.9375,12153600,5.351683
2000-02-16,17.9375,18.25,17.625001,18.125001,3626300,5.407625
2000-02-17,18.062502,18.25,17.500001,17.625001,1586500,5.258449
2000-02-18,17.625001,17.6875,17.0625,17.250001,2487000,5.146567
2000-02-22,17.250001,17.500001,17.125,17.250001,1936600,5.146567
2000-02-23,17.250001,17.250001,16.625,16.8125,2342800,5.016038
2000-02-24,16.875002,16.875002,16.375001,16.437501,2169400,4.9041559999999995
2000-02-25,16.437501,16.437501,15.750001000000001,15.750001000000001,3405000,4.699039
2000-02-28,16.000001,16.125001,15.750001000000001,15.875001000000001,4845000,4.736333
2000-02-29,15.875001000000001,16.312501,15.812501000000001,16.0625,3791800,4.792274
2000-03-01,16.125001,16.437501,15.937501000000001,16.0625,5550300,4.792274
2000-03-02,16.0625,17.0625,15.937501000000001,16.875002,6702500,5.034685
2000-03-03,16.875002,17.312501,16.625,17.187502,2678700,5.12792
2000-03-06,17.250001,17.375,17.000001,17.250001,2131000,5.146567
2000-03-07,17.437502,18.125001,17.171801000000002,17.812501,2753300,5.31439
2000-03-08,18.25,18.25,17.375,17.437502,4894400,5.276564
2000-03-09,17.375,17.500001,17.000001,17.187502,2359700,5.200914
2000-03-10,17.0625,17.562501,17.0625,17.437502,3563600,5.276564
2000-03-13,17.000001,17.500001,17.000001,17.375,2573500,5.257651
2000-03-14,17.375,17.437502,17.000001,17.187502,3335800,5.200914
2000-03-15,17.250001,17.500001,17.0625,17.375,2457400,5.257651
2000-03-16,17.375,18.312502,17.375,18.25,3495400,5.522425
2000-03-17,18.25,18.375001,17.875001,18.25,3734700,5.522425
2000-03-20,18.25,18.437501,18.062502,18.062502,1830300,5.465688
2000-03-21,18.125001,18.687501,18.125001,18.500001,2755800,5.598075
2000-03-22,18.500001,18.8125,18.437501,18.687501,2839600,5.654812000000001
2000-03-23,18.687501,18.875002,18.625002,18.8125,3253900,5.692637
2000-03-24,18.937502,19.187502,18.8125,19.000001,1790100,5.7493739999999995
2000-03-27,19.062501,19.250001,18.750001,19.000001,2233400,5.7493739999999995
2000-03-28,19.000001,19.312501,19.000001,19.125,2000600,5.787199
2000-03-29,19.125,19.750002,19.062501,19.500002,3538000,5.9006739999999995
2000-03-30,19.6875,20.500001,19.562501,20.250001,3370200,6.127622
2000-03-31,20.375002,20.937502,20.3125,20.750001,4757900,6.278922000000001
2000-04-03,20.5625,20.875,20.500001,20.812501,1990000,6.297834
2000-04-04,20.750001,21.000001,20.3125,20.625002,3591300,6.241097
2000-04-05,20.750001,21.187502,20.625002,20.937502,4268800,6.335659
2000-04-06,21.000001,21.75,21.000001,21.687501,3146200,6.562608
2000-04-07,21.687501,21.875001,21.250002,21.4375,3320400,6.4869580000000004
2000-04-10,21.4375,21.562501,21.062501,21.375001,2422800,6.468046
2000-04-11,21.375001,21.812502,21.375001,21.562501,4665800,6.524783
2000-04-12,21.625001,21.875001,21.562501,21.687501,5853900,6.562608
2000-04-13,21.625001,22.125002,21.500002,21.625001,2001600,6.543696
2000-04-14,21.75,22.062502,20.750001,21.4375,3361700,6.4869580000000004
2000-04-17,21.000001,21.250002,20.375002,20.875,2124000,6.316746
2000-04-18,21.062501,21.062501,19.750002,20.125001,2243800,6.089798
2000-04-19,20.5625,20.625002,20.187501,20.437501,1908900,6.18436
2000-04-20,20.437501,20.625002,19.750002,20.5625,2611800,6.2221839999999995
2000-04-24,20.750001,21.125001,20.500001,20.937502,1994100,6.335659
2000-04-25,21.312501,21.4375,21.187502,21.375001,2319700,6.468046
2000-04-26,21.625001,22.125002,21.500002,21.75,2263000,6.581519999999999
2000-04-27,21.75,22.125002,21.625001,21.937501,2107500,6.638258
2000-04-28,21.812502,22.062502,21.000001,21.4375,2807900,6.4869580000000004
2000-05-01,21.4375,22.0,21.312501,21.875001,1383500,6.619345
2000-05-02,22.0,22.187501,21.75,21.875001,1794900,6.619345
2000-05-03,21.875001,21.875001,21.125001,21.250002,2096000,6.4302209999999995
2000-05-04,21.500002,22.0,21.375001,21.687501,2024100,6.562608
2000-05-05,21.562501,22.250001,21.562501,22.187501,1390000,6.713907000000001
2000-05-08,21.937501,22.687502,21.937501,22.687502,1827600,6.865207000000001
2000-05-09,22.750001,22.875,22.125002,22.750001,1613200,6.884119
2000-05-10,22.750001,23.125001,22.687502,22.875,2863800,6.921944
2000-05-11,23.000002,23.312501,22.875,23.125001,3939300,6.997592999999999
2000-05-12,23.1875,23.312501,23.062501,23.1875,1188700,7.016506
2000-05-15,23.250002,23.375001,23.000002,23.062501,3291000,6.978681
2000-05-16,23.062501,23.437501,22.937502,23.375001,2603500,7.073243
2000-05-17,23.062501,23.625001,23.062501,23.625001,3222200,7.148892999999999
2000-05-18,23.625001,24.125002,23.625001,24.125002,3007400,7.300192
2000-05-19,24.125002,24.125002,23.437501,24.125002,1767400,7.300192
2000-05-22,24.125002,24.312501,23.625001,23.937501,2019800,7.243455
2000-05-23,24.000001,24.000001,23.375001,23.437501,1656100,7.092155
2000-05-24,23.562502,23.562502,23.125001,23.375001,2224400,7.073243
2000-05-25,23.250002,23.250002,22.375002,22.687502,1584600,6.865207000000001
2000-05-26,22.875,23.000002,22.750001,22.812501,927700,6.9030309999999995
2000-05-30,23.062501,23.062501,22.687502,22.875,1458500,6.921944
2000-05-31,22.937502,23.875002,22.812501,23.687501,1513600,7.167805
2000-06-01,23.625001,23.75,23.250002,23.375001,1418500,7.073243
2000-06-02,23.250002,23.312501,22.3125,22.625002,1581100,6.846295
2000-06-05,22.375002,22.750001,21.937501,22.250001,1543800,6.732819999999999
2000-06-06,21.75,23.062501,21.687501,23.000002,2871700,6.9597690000000005
2000-06-07,22.875,23.000002,22.562501,22.812501,1440800,6.978888
2000-06-08,22.687502,22.937502,22.500001,22.687502,1018400,6.9406479999999995
2000-06-09,22.437501,22.687502,22.250001,22.562501,892100,6.902407000000001
2000-06-12,22.687502,23.1875,22.562501,23.000002,2227500,7.036249000000001
2000-06-13,22.500001,23.312501,22.500001,22.625002,1386900,6.9215279999999995
2000-06-14,23.000002,23.437501,22.625002,22.687502,1924700,6.9406479999999995
2000-06-15,22.875,23.1875,22.3125,22.375002,1493300,6.845047
2000-06-16,22.625002,23.687501,22.562501,23.625001,2278600,7.227450999999999
2000-06-19,23.75,23.875002,22.750001,22.750001,3754700,6.9597679999999995
2000-06-20,22.750001,22.750001,21.875001,22.562501,1752600,6.902407000000001
2000-06-21,22.437501,23.75,22.187501,23.500002,3252700,7.189211
2000-06-22,23.250002,24.062502,23.000002,23.1875,2877700,7.093609
2000-06-23,23.250002,23.875002,23.250002,23.437501,1576500,7.170089999999999
2000-06-26,23.125001,23.250002,22.250001,22.3125,2230900,6.825925999999999
2000-06-27,22.062502,22.187501,21.687501,21.937501,2032500,6.7112050000000005
2000-06-28,22.125002,22.3125,21.625001,21.7031,1127200,6.639496
2000-06-29,21.687501,21.875001,21.250002,21.4375,1864900,6.558242
2000-06-30,21.500002,21.75,21.000001,21.062501,2795400,6.443521
2000-07-03,21.187502,21.687501,21.125001,21.562501,722500,6.596483
2000-07-05,21.562501,21.625001,20.500001,20.5625,2074800,6.290559
2000-07-06,20.875,21.312501,20.5625,21.000001,2399700,6.4244010000000005
2000-07-07,21.250002,21.312501,20.812501,21.000001,1662100,6.4244010000000005
2000-07-10,20.875,21.250002,20.625002,20.812501,1808700,6.36704
2000-07-11,20.750001,22.937502,20.625002,22.2656,2955700,6.811578
2000-07-12,22.250001,22.250001,21.4375,21.500002,1672400,6.577363
2000-07-13,21.375001,21.4375,20.875,21.125001,1430400,6.4626410000000005
2000-07-14,21.125001,21.4375,20.812501,21.000001,1163000,6.4244010000000005
2000-07-17,21.000001,21.062501,20.437501,20.546801000000002,1318300,6.285756
2000-07-18,20.750001,21.187502,20.187501,20.375002,2026200,6.233199
2000-07-19,20.875,21.062501,20.062502,20.062502,1915100,6.1375980000000006
2000-07-20,20.250001,20.5625,20.062502,20.125001,2780600,6.156718
2000-07-21,20.250001,20.250001,19.812502,19.812502,1600700,6.061116999999999
2000-07-24,19.812502,20.125001,19.062501,19.250001,3503600,5.889034
2000-07-25,19.312501,19.875001,18.625002,18.875002,2863600,5.774312999999999
2000-07-26,19.000001,19.250001,18.5625,18.687501,2568300,5.716952
2000-07-27,18.5625,19.750002,18.5625,19.250001,4592000,5.889034
2000-07-28,19.500002,19.812502,19.312501,19.453101999999998,1250100,5.951168
2000-07-31,19.500002,20.250001,19.062501,20.250001,4052900,6.194958
2000-08-01,20.250001,20.250001,19.562501,19.750002,1810900,6.041996
2000-08-02,19.500002,20.125001,19.500002,19.875001,2241500,6.080237
2000-08-03,19.875001,20.125001,19.750002,19.875001,2046000,6.080237
2000-08-04,19.812502,19.875001,19.562501,19.812502,1310800,6.061116999999999
2000-08-07,20.375002,20.5625,19.875001,20.2656,2086900,6.199730000000001
2000-08-08,20.625002,20.687502,19.937501,20.062502,1412700,6.1375980000000006
2000-08-09,20.125001,20.500001,20.062502,20.250001,1437700,6.194958
2000-08-10,20.250001,20.437501,20.187501,20.328101999999998,1496900,6.218851
2000-08-11,20.3125,20.3125,20.062502,20.250001,1424600,6.194958
2000-08-14,20.500001,21.000001,20.125001,20.625002,2943400,6.30968
2000-08-15,20.875,21.000001,20.5625,20.625002,2326300,6.30968
2000-08-16,20.500001,20.875,20.500001,20.687502,1703000,6.3288
2000-08-17,21.250002,21.937501,21.187502,21.687501,2668100,6.634724
2000-08-18,22.125002,22.125002,21.250002,21.312501,1995800,6.520002
2000-08-21,21.375001,21.375001,21.062501,21.250002,2273400,6.500882
2000-08-22,21.375001,21.562501,21.312501,21.500002,1841200,6.577363
2000-08-23,21.500002,22.187501,21.500002,22.031202,4005200,6.73987
2000-08-24,21.625001,21.687501,21.125001,21.250002,1907600,6.500882
2000-08-25,21.312501,21.625001,20.812501,21.4375,1094700,6.558242
2000-08-28,21.4375,21.812502,21.187502,21.4375,1803700,6.558242
2000-08-29,21.375001,21.500002,21.250002,21.3906,1146600,6.543895
2000-08-30,21.125001,21.250002,20.875,21.109302,1907600,6.457839
2000-08-31,21.937501,22.062502,21.4375,21.609302,4020000,6.6108009999999995
2000-09-01,21.875001,22.500001,21.75,22.250001,2971300,6.806806
2000-09-05,22.500001,22.562501,21.812502,22.437501,1661900,6.864167
2000-09-06,22.187501,23.000002,22.187501,22.812501,2359000,7.0575220000000005
2000-09-07,22.687502,23.000002,22.562501,22.875,2487800,7.0768580000000005
2000-09-08,22.750001,22.875,22.562501,22.7812,2353000,7.047839
2000-09-11,22.687502,23.562502,22.562501,23.437501,1797000,7.250878999999999
2000-09-12,23.437501,23.562502,23.125001,23.375001,1296600,7.231542999999999
2000-09-13,23.312501,23.375001,22.750001,22.875,1149300,7.0768580000000005
2000-09-14,22.562501,22.625002,22.187501,22.437501,1719700,6.941508
2000-09-15,23.000002,24.375002,23.000002,23.812502,4128800,7.366892999999999
2000-09-18,24.062502,24.453101,23.875002,24.453101,3129500,7.5650759999999995
2000-09-19,24.187501,24.375002,23.500002,23.500002,2957800,7.270214999999999
2000-09-20,23.875002,24.000001,22.500001,22.500001,2638900,6.960844
2000-09-21,22.562501,22.625002,21.75,22.187501,3755700,6.864165
2000-09-22,22.250001,22.500001,22.0,22.296801000000002,2426400,6.8979800000000004
2000-09-25,22.062502,22.062502,20.812501,21.375001,4022100,6.612800999999999
2000-09-26,21.4375,22.375002,21.4375,21.75,2973000,6.728814999999999
2000-09-27,21.937501,22.500001,21.875001,22.437501,1764900,6.941508
2000-09-28,22.437501,22.437501,21.812502,21.9531,1578200,6.7916490000000005
2000-09-29,22.125002,22.562501,21.687501,21.812502,3210600,6.748150999999999
2000-10-02,22.0,22.125002,21.75,22.125002,3762600,6.84483
2000-10-03,22.125002,22.500001,21.875001,22.187501,3102800,6.864165
2000-10-04,22.250001,22.250001,20.937502,21.062501,3075500,6.516123
2000-10-05,21.187502,21.312501,20.375002,21.000001,2360900,6.496788
2000-10-06,20.750001,21.250002,20.3125,20.625002,2603900,6.380774
2000-10-09,20.375002,20.812501,20.3125,20.812501,3519000,6.43878
2000-10-10,20.875,21.75,20.875,21.500002,2730000,6.651472999999999
2000-10-11,21.875001,22.062502,21.000001,21.4375,2911300,6.632136999999999
2000-10-12,21.687501,22.0,21.250002,21.687501,2461400,6.70948
2000-10-13,21.625001,21.687501,20.500001,20.687502,2445900,6.400109
2000-10-16,20.687502,20.812501,20.125001,20.375002,2198200,6.303431
2000-10-17,20.5625,21.000001,20.3125,20.375002,1788400,6.303431
2000-10-18,20.750001,20.812501,20.125001,20.250001,1843500,6.264759
2000-10-19,20.062502,20.625002,19.812502,20.125001,2257300,6.226088
2000-10-20,20.0,20.500001,20.0,20.437501,1597300,6.3227660000000006
2000-10-23,20.812501,20.875,20.250001,20.500001,2110000,6.342102
2000-10-24,20.687502,20.812501,19.750002,19.875001,2168800,6.148745
2000-10-25,19.6875,19.937501,19.187502,19.375001,1947400,5.99406
2000-10-26,19.500002,19.937501,19.250001,19.625001,1301400,6.071403
2000-10-27,19.375001,19.750002,19.062501,19.375001,1163700,5.99406
2000-10-30,19.562501,20.125001,19.375001,20.125001,3725700,6.226088
2000-10-31,20.250001,20.375002,19.625001,19.875001,2846500,6.148745
2000-11-01,20.062502,20.625002,20.0,20.625002,2792100,6.380774
2000-11-02,20.625002,20.625002,19.750002,19.937501,2644500,6.168081
2000-11-03,19.875001,20.250001,19.812502,20.062502,1763000,6.206753
2000-11-06,20.062502,20.187501,19.937501,20.062502,2005600,6.206753
2000-11-07,20.062502,21.000001,19.875001,20.687502,3640900,6.400109
2000-11-08,20.875,20.937502,20.375002,20.500001,2127300,6.342102
2000-11-09,20.5625,20.875,20.187501,20.437501,1331600,6.3227660000000006
2000-11-10,20.437501,20.875,20.3125,20.3125,966900,6.284095
2000-11-13,20.3125,20.875,20.0,20.0,1487300,6.187416000000001
2000-11-14,20.187501,21.000001,20.062502,20.812501,1759100,6.43878
2000-11-15,20.937502,21.125001,20.750001,20.937502,1832800,6.4774519999999995
2000-11-16,21.000001,21.187502,20.875,20.937502,2777700,6.4774519999999995
2000-11-17,21.000001,21.375001,20.812501,21.125001,2188800,6.5354589999999995
2000-11-20,21.125001,21.187502,20.687502,20.750001,1681900,6.419445
2000-11-21,20.937502,22.0,20.750001,21.937501,3934300,6.786822999999999
2000-11-22,21.937501,21.937501,21.4375,21.500002,2170600,6.651472999999999
2000-11-24,21.500002,22.0,21.500002,21.875001,929000,6.767486999999999
2000-11-27,21.937501,22.375002,21.562501,22.187501,2785000,6.864165
2000-11-28,22.375002,22.750001,22.250001,22.750001,3808500,7.0381860000000005
2000-11-29,22.625002,22.687502,21.937501,22.375002,3271400,6.922173
2000-11-30,22.625002,22.625002,21.000001,21.625001,3461900,6.690144
2000-12-01,21.875001,22.937502,21.875001,22.562501,3482100,6.980179
2000-12-04,22.375002,22.937502,22.375002,22.875,2250300,7.0768580000000005
2000-12-05,22.937502,22.937502,21.875001,22.3125,2226100,6.902836
2000-12-06,22.437501,22.500001,21.687501,21.75,5373500,6.8050619999999995
2000-12-07,21.937501,22.125002,21.125001,21.4375,2107700,6.707288
2000-12-08,21.187502,21.500002,20.5625,21.375001,2372600,6.687733000000001
2000-12-11,21.500002,21.687501,20.937502,21.4375,2125000,6.707288
2000-12-12,21.625001,21.812502,21.4375,21.625001,1306600,6.765952
2000-12-13,21.812502,22.187501,21.562501,21.75,1580500,6.8050619999999995
2000-12-14,21.75,22.0,20.937502,21.250002,2031900,6.648624000000001
2000-12-15,21.125001,21.812502,21.125001,21.187502,2734800,6.629069
2000-12-18,21.875001,23.000002,21.875001,22.875,3340400,7.157048
2000-12-19,22.937502,23.312501,22.812501,22.937502,2355900,7.176603
2000-12-20,22.687502,23.375001,22.437501,23.062501,2161500,7.215712
2000-12-21,22.562501,23.625001,22.562501,23.375001,3498400,7.313486
2000-12-22,23.000002,23.875002,22.937502,23.75,1696700,7.430814
2000-12-26,23.687501,25.000002,23.625001,25.000002,2899400,7.821910000000001
2000-12-27,24.875001,25.5,24.687502,25.5,2719200,7.9783479999999996
2000-12-28,25.125001,25.562502,25.062501,25.375001,2178600,7.939239
2000-12-29,25.187501,25.312502,24.187501,24.250001,2810000,7.587253
2001-01-02,24.000001,25.187501,23.937501,24.187501,2509900,7.567698
2001-01-03,24.000001,24.312501,23.1875,23.625001,2317600,7.391705
2001-01-04,23.437501,23.75,23.0937,23.500002,2734800,7.352596000000001
2001-01-05,23.500002,24.562501,23.500002,24.062502,3076400,7.528589
2001-01-08,23.875002,24.312501,23.250002,23.937501,1787600,7.489478999999999
2001-01-09,23.687501,23.75,22.937502,23.250002,1731500,7.274377
2001-01-10,23.250002,23.625001,23.250002,23.437501,1803900,7.333041000000001
2001-01-11,23.375001,23.75,23.375001,23.375001,1691500,7.313486
2001-01-12,23.250002,23.312501,22.875,23.062501,1680100,7.215712
2001-01-16,23.125001,23.1875,22.562501,22.937502,2139000,7.176603
2001-01-17,23.062501,23.1875,22.3125,22.562501,2297600,7.059274
2001-01-18,22.625002,22.750001,22.187501,22.250001,1790300,6.9615
2001-01-19,22.062502,22.437501,21.875001,22.3125,2141300,6.9810550000000005
2001-01-22,22.3125,22.875,22.187501,22.687502,1844900,7.098383999999999
2001-01-23,22.937502,23.062501,22.500001,23.000002,2278200,7.1961580000000005
2001-01-24,22.375002,22.875,22.250001,22.750001,2105200,7.1179380000000005
2001-01-25,22.500001,22.875,22.500001,22.562501,3587800,7.059274
2001-01-26,22.562501,22.687502,21.937501,22.375002,2846300,7.000610000000001
2001-01-29,22.38,22.580002,22.150002,22.350002,2180600,6.992788000000001
2001-01-30,22.350002,22.440002,21.960001000000002,22.350002,2378200,6.992788000000001
2001-01-31,22.750001,22.880001,22.460001000000002,22.710002,2330500,7.105422999999999
2001-02-01,22.600002,22.600002,21.990002,22.100001000000002,4551800,6.914569
2001-02-02,22.300001,22.74,22.250001,22.610001,1917600,7.074135000000001
2001-02-05,22.750001,23.490001,22.750001,23.420001,2354000,7.327564999999999
2001-02-06,23.500002,23.630001999999998,23.230002,23.620001000000002,2053900,7.390141000000001
2001-02-07,23.630001999999998,23.940001000000002,23.500002,23.84,1651700,7.458972999999999
2001-02-08,23.990002,24.290001,23.820001,24.090001,1978100,7.537192999999999
2001-02-09,23.690001000000002,24.600002,23.690001000000002,24.410001,2190700,7.637313000000001
2001-02-12,24.170002,24.450001,23.990002,24.350002,2166500,7.6185410000000005
2001-02-13,24.110001,24.340001,23.870001000000002,24.200001,1827200,7.571609
2001-02-14,24.030001000000002,24.500001,23.960001000000002,24.180001,1508600,7.565351
2001-02-15,24.180001,24.260002,23.900002,24.120001000000002,2138100,7.5465789999999995
2001-02-16,24.700001,24.700001,23.950001999999998,24.010002,2342400,7.512163
2001-02-20,24.260002,24.510002,23.910001,24.120001000000002,2528500,7.5465789999999995
2001-02-21,24.200001,24.350002,23.730001,23.760001000000003,2298800,7.433942999999999
2001-02-22,24.000001,24.230001,23.650002,23.670001,2139600,7.405785000000001
2001-02-23,24.000001,24.100002,23.380001,23.780001000000002,1743000,7.440200999999999
2001-02-26,24.000001,24.550002,23.850001000000002,24.240002,2909600,7.584124
2001-02-27,24.450001,24.590001,24.000001,24.080002,1557100,7.534064
2001-02-28,24.02,24.170002,23.770001999999998,23.990002,1835700,7.505905
2001-03-01,23.900002,24.300001,23.770001999999998,23.870001000000002,1812800,7.4683600000000006
2001-03-02,24.000001,24.800002,24.000001,24.650001,2467600,7.712403
2001-03-05,24.900001,25.140002,24.750002,25.140002,2436400,7.865713
2001-03-06,25.010001000000003,25.250002,24.840002,25.040001,1722800,7.834425
2001-03-07,25.010001000000003,25.400001,25.010001000000003,25.400001,2203400,8.027204
2001-03-08,25.740002,26.500001,25.300001,26.390002000000003,5020700,8.340075
2001-03-09,26.500001,26.500001,25.230002,25.960001000000002,2308800,8.204182000000001
2001-03-12,25.900002,25.900002,25.200001999999998,25.240001,1962900,7.976639
2001-03-13,25.240001,25.450001999999998,24.410001,24.970001,2472400,7.891310000000001
2001-03-14,25.200001999999998,25.200001999999998,24.160001,24.350002,1983300,7.695371000000001
2001-03-15,24.600002,24.600002,23.700001999999998,23.880001999999998,2585200,7.546836
2001-03-16,23.650002,24.250001,23.650002,23.940001000000002,2859600,7.565798
2001-03-19,23.940001000000002,24.94,23.860001999999998,24.840002,2697700,7.850225999999999
2001-03-20,24.640002,25.090002,24.530002,24.560001,2343400,7.761736999999999
2001-03-21,24.100002,24.450001,23.93,24.090001,2507800,7.613202
2001-03-22,23.900002,23.900002,22.710002,23.270001999999998,3323900,7.354057000000001
2001-03-23,23.150001,23.720001999999997,22.85,23.720001999999997,1985800,7.496271000000001
2001-03-26,23.970001999999997,24.410001,23.970001999999997,24.150002,2715000,7.632165
2001-03-27,24.150002,24.500001,23.820001,24.080002,2640200,7.610042
2001-03-28,24.250001,24.49,24.010002,24.290001,2945700,7.676409
2001-03-29,24.100002,24.160001,23.810001999999997,23.960001000000002,2060200,7.572118
2001-03-30,23.970001999999997,24.860001,23.970001999999997,24.750002,2657900,7.821783
2001-04-02,24.810001,24.880001,24.250001,24.590001,2785000,7.771217999999999
2001-04-03,24.540001,24.690002,24.050001,24.390001,2450100,7.708011999999999
2001-04-04,24.510002,25.450001999999998,24.390001,25.070002,2427600,7.922914
2001-04-05,25.350001000000002,25.480001,24.930001999999998,25.350001000000002,3131600,8.011402
2001-04-06,25.450001999999998,25.5,24.4,25.430001999999998,2784000,8.036685
2001-04-09,25.550001,26.250001,25.540001999999998,26.060001999999997,2917300,8.235785
2001-04-10,26.250001,26.590002000000002,26.170002,26.380001,4107100,8.336915
2001-04-11,26.300002000000003,26.450001,25.900002,26.210002,2811100,8.28319
2001-04-12,26.250001,26.600002000000003,25.940002,26.110001,3918500,8.251586
2001-04-16,26.110001,26.750002000000002,26.110001,26.740001,3332100,8.450686
2001-04-17,26.500001,27.620001000000002,26.410001,27.600002000000003,3576500,8.722474
2001-04-18,27.700002,27.750001,26.560001,27.100001000000002,4140200,8.564458
2001-04-19,27.100001000000002,27.300001,26.810001,27.070002000000002,3600100,8.554977000000001
2001-04-20,27.070002000000002,27.590001,27.040002,27.420001,2573700,8.665588
2001-04-23,27.950001,28.840002000000002,27.740002,28.730002000000002,6322800,9.07959
2001-04-24,28.850001000000002,29.250003000000003,28.800002000000003,29.100001000000002,5126200,9.196521
2001-04-25,29.250003000000003,29.900002,29.100001000000002,29.750001,5917700,9.401941
2001-04-26,29.750001,30.240001,29.750001,29.810002,5322900,9.420904
2001-04-27,29.820001,29.880001,29.620002000000003,29.800002000000003,2980700,9.417743
2001-04-30,30.000001,30.440003000000004,29.860001,30.120002000000003,4322600,9.518873
2001-05-01,30.120002000000003,30.130001,29.200002,29.500001,4476600,9.322933
2001-05-02,29.050001,29.050001,28.000001,28.070001,5152200,8.871008
2001-05-03,28.000001,28.670001,27.300001,28.510001000000003,3836000,9.010062
2001-05-04,28.740001,29.090002000000002,28.680002,28.970002,2772900,9.155437
2001-05-07,28.910002000000002,29.220002,28.500002000000002,28.880002,2475100,9.126994
2001-05-08,28.750002000000002,29.240002,28.600001000000002,29.000002000000002,2342200,9.164918
2001-05-09,29.050001,29.500001,29.020002,29.440001000000002,2265000,9.303972
2001-05-10,29.240002,29.900002,29.150002,29.440001000000002,2149600,9.303972
2001-05-11,29.350001000000002,29.500001,29.050001,29.500001,1680100,9.322933
2001-05-14,29.250003000000003,29.990002,29.200002,29.990002,2917100,9.477789999999999
2001-05-15,29.990002,30.450001,29.880001,30.280002000000003,3642400,9.569439
2001-05-16,30.180001,30.970002,30.020001,30.510001000000003,4170900,9.642125
2001-05-17,30.330001,30.650001,30.140002000000003,30.550002000000003,3433100,9.654767
2001-05-18,30.550002000000003,31.100001000000002,30.420001,31.080002,3141600,9.822264
2001-05-21,31.080002,31.100001000000002,30.650001,30.850001000000002,2463200,9.749576
2001-05-22,30.850001000000002,30.850001000000002,30.250002000000002,30.440003000000004,2024100,9.620004
2001-05-23,30.190002000000003,30.400001,29.910001,30.080003,2696400,9.506232
2001-05-24,29.950001,30.050002000000003,29.750001,29.880001,1650700,9.443025
2001-05-25,30.130001,30.180001,29.520001,29.550001,1540400,9.338735
2001-05-29,29.610001,30.310001,29.610001,30.140002000000003,2081000,9.525194
2001-05-30,30.300002000000003,30.490001,29.790001,29.910001,1676500,9.452507
2001-05-31,29.920002,30.100002000000003,29.550001,29.970001,2721700,9.471468
2001-06-01,30.000001,30.040001,29.400002,29.600002000000003,2108500,9.354536999999999
2001-06-04,29.850002000000003,30.240001,29.810002,30.100002000000003,2553900,9.512553
2001-06-05,30.050002000000003,30.750002000000002,29.830002,30.620001000000002,2688900,9.676889
2001-06-06,30.370002000000003,30.370002000000003,29.800002000000003,29.820001,5336900,9.50164
2001-06-07,29.320001,29.790001,29.240002,29.450002,2921700,9.383746
2001-06-08,29.450002,29.690002000000003,29.290002,29.510002000000004,1642100,9.402863
2001-06-11,29.950001,30.060001,29.550001,29.640001,2645200,9.444286
2001-06-12,29.650002,30.140002000000003,29.620002000000003,30.120002000000003,1976200,9.59723
2001-06-13,30.110001,30.480002000000002,29.450002,29.600002000000003,2108300,9.43154
2001-06-14,29.600002000000003,29.680001,29.010001000000003,29.120001000000002,1641100,9.278596
2001-06-15,28.510001000000003,29.710002000000003,28.510001000000003,29.350001000000002,2705800,9.351882000000002
2001-06-18,29.360002,29.540002,28.950002,28.950002,1339500,9.224428999999999
2001-06-19,28.750002000000002,29.000002000000002,28.730002000000002,28.990001,1229700,9.237174000000001
2001-06-20,29.240002,29.580002,28.500002000000002,28.650001,1864700,9.128839
2001-06-21,28.650001,28.850001000000002,27.550001,28.000001,2999200,8.921727
2001-06-22,28.250001,28.700002,27.520002,28.360001,2266300,9.036435
2001-06-25,28.150001,28.490001,27.700002,27.700002,3511500,8.826138
2001-06-26,27.750001,27.990002,27.410001,27.760002000000004,2158800,8.845255
2001-06-27,27.700002,27.700002,27.100001000000002,27.340002000000002,1827000,8.71143
2001-06-28,27.200002,27.240001,26.400001,26.500001,3539000,8.443778
2001-06-29,26.750002000000002,27.040002,26.520001,26.590002000000002,3173500,8.472455
2001-07-02,26.830001,26.830001,26.200001,26.400001,2678100,8.411914
2001-07-03,26.500001,26.640002000000003,26.220001,26.430001,984400,8.421472999999999
2001-07-05,26.270001,27.230001,26.270001,26.87,2396300,8.561672
2001-07-06,26.990001,27.400002,26.590002000000002,27.140001,2017700,8.647703
2001-07-09,26.890002000000003,26.930002,26.450001,26.500001,1648400,8.443778
2001-07-10,26.750002000000002,27.000002000000002,26.350002000000003,26.820002000000002,2922100,8.545739999999999
2001-07-11,26.720001,26.850001000000002,26.320001,26.750002000000002,2663100,8.523436
2001-07-12,26.700001,26.990001,26.450001,26.920001,2180600,8.577603
2001-07-13,26.900001,27.400002,26.620002000000003,27.000002000000002,1217600,8.603094
2001-07-16,27.050001,27.250002000000002,26.500001,26.650001,1651700,8.491572
2001-07-17,26.640002000000003,26.910002000000002,26.450001,26.570002000000002,2506600,8.466082
2001-07-18,26.370002000000003,26.370002000000003,25.510001000000003,25.650002,3449600,8.172939999999999
2001-07-19,26.250001,26.390002000000003,25.870001000000002,26.070001,2644100,8.306764999999999
2001-07-20,26.030002,26.350002000000003,26.000001,26.190002,3463300,8.345002000000001
2001-07-23,26.250001,26.690002000000003,26.200001,26.350002000000003,1990000,8.395983
2001-07-24,26.350002000000003,26.450001,25.560001999999997,25.760002,2303200,8.207989
2001-07-25,25.900002,26.900001,25.77,26.760001000000003,2403200,8.526622
2001-07-26,26.900001,27.400002,26.620002000000003,27.190001000000002,2968400,8.663634
2001-07-27,27.470002,27.650002,26.800002000000003,27.400002,2326300,8.730547999999999
2001-07-30,28.000001,28.000001,27.550001,27.750001,1864700,8.842069
2001-07-31,27.750001,28.100002000000003,27.520002,27.640001,1775700,8.807019
2001-08-01,27.900002,28.000001,27.300001,27.420001,1780100,8.73692
2001-08-02,27.550001,27.730001,27.200002,27.550001,1608600,8.778342
2001-08-03,27.550001,27.590001,27.020002,27.300001,1053400,8.698684
2001-08-06,27.320001,27.520002,26.980002000000002,27.090002000000002,1185300,8.631771
2001-08-07,27.300001,27.680001,27.200002,27.260001000000003,1652600,8.685939
2001-08-08,27.400002,27.650002,26.610001,26.760001000000003,1420200,8.526622
2001-08-09,26.760001000000003,27.150001,26.450001,27.050001,1704500,8.619026
2001-08-10,26.900001,27.720002,26.820002000000002,27.440001000000002,832500,8.743293
2001-08-13,27.600002000000003,27.870002000000003,27.460001000000002,27.480001,1089500,8.756038
2001-08-14,27.520002,27.800001,27.250002000000002,27.590001,1295600,8.791088
2001-08-15,27.690002000000003,28.850001000000002,27.690002000000003,28.550002000000003,2421300,9.096976
2001-08-16,28.470001,28.800002000000003,28.030002000000003,28.400001,1882200,9.04918
2001-08-17,28.120002000000003,28.540001,28.000001,28.050002000000003,1370200,8.937659
2001-08-20,28.060001,28.130001,27.750001,28.010002000000004,1110500,8.924914
2001-08-21,28.030002000000003,28.290001,27.750001,28.000001,1432700,8.921727
2001-08-22,28.120002000000003,28.750002000000002,27.490002,27.530001000000002,2797900,8.77197
2001-08-23,27.550001,27.920002,27.540002,27.770001,1899500,8.848441000000001
2001-08-24,27.800001,28.280002000000003,27.660001,28.140002000000003,1478300,8.966336
2001-08-27,28.150001,28.450001,27.880002,27.880002,1240300,8.883492
2001-08-28,28.000001,28.250001,27.810002,27.960002000000003,2232300,8.908982
2001-08-29,28.210002000000003,28.500002000000002,27.850002000000003,27.900002,1711700,8.889864
2001-08-30,27.900002,28.440002000000003,27.510001000000003,27.710001000000002,1704200,8.829324
2001-08-31,27.550001,27.860001,27.400002,27.520002,1537900,8.768784
2001-09-04,27.570001,28.530002000000003,27.570001,28.200001,1630700,8.985453999999999
2001-09-05,28.210002000000003,28.550002000000003,27.830002,28.330001,2776700,9.026876
2001-09-06,28.500002000000002,28.650001,28.100002000000003,28.390002000000003,2663100,9.126531
2001-09-07,28.640002000000003,28.640002000000003,28.150001,28.410002000000002,4032100,9.13296
2001-09-10,28.250001,28.450001,27.850002000000003,28.000001,2016800,9.001158
2001-09-17,27.000002000000002,27.500001,26.900001,27.150001,3739100,8.727908
2001-09-18,27.100001000000002,27.100001000000002,26.020001,26.020001,1981600,8.364647
2001-09-19,25.650002,25.850002,24.110001,24.660002,4059400,7.927447999999999
2001-09-20,24.360001,24.470001,23.93,24.050001,3661100,7.731350999999999
2001-09-21,22.400002,24.300001,22.400002,23.800001,4191700,7.650983999999999
2001-09-24,23.400001,23.57,22.620002,22.870002,4908800,7.352017
2001-09-25,22.700001,22.880001,21.900002,21.900002,4927800,7.040191
2001-09-26,22.250001,23.000002,22.010001000000003,22.680001,3069900,7.290938000000001
2001-09-27,22.690002,23.890001,22.400002,23.39,1744900,7.519181
2001-09-28,23.640001,24.49,23.610001999999998,24.340001,2958800,7.824578
2001-10-01,24.340001,24.340001,23.200001,24.050001,1936200,7.731350999999999
2001-10-02,24.300001,24.800002,23.850001000000002,24.800002,1844900,7.972453999999999
2001-10-03,24.100002,24.290001,23.820001,24.040001999999998,3035500,7.728136999999999
2001-10-04,24.4,24.900001,24.22,24.770001,3023000,7.96281
2001-10-05,24.800002,25.340002,24.350002,25.300001,3699500,8.133189
2001-10-08,25.300001,25.800001,25.000002,25.640001,3073600,8.242488999999999
2001-10-09,25.640001,25.980001,25.240001,25.700001999999998,2066400,8.261777
2001-10-10,25.750001,26.390002000000003,25.610001999999998,26.240002,2945500,8.435371
2001-10-11,26.240002,26.550002000000003,25.780001000000002,26.490001,2435900,8.515738
2001-10-12,26.250001,26.550002000000003,25.700001999999998,26.150002,1456700,8.406439
2001-10-15,26.050001,26.140001,25.010001000000003,25.390001,1898700,8.162121
2001-10-16,25.390001,25.890001,25.290001999999998,25.390001,2714800,8.162121
2001-10-17,26.050001,26.340001,25.400001,25.800001,2110000,8.293924
2001-10-18,25.790001999999998,25.790001999999998,24.740001,24.880001,1788000,7.998171000000001
2001-10-19,24.630001,25.280001000000002,24.290001,24.970001,3187800,8.027104
2001-10-22,25.050002,25.59,24.800002,25.490001,2145000,8.194268
2001-10-23,25.550001,25.840001,24.880001,25.280001000000002,2619300,8.126759
2001-10-24,25.100001000000002,25.280001000000002,24.750002,25.180001999999998,1615300,8.094613
2001-10-25,25.000002,25.520001999999998,25.000002,25.5,2346100,8.197483
2001-10-26,25.5,26.440002000000003,25.400001,26.180001,2153800,8.416082000000001
2001-10-29,25.930001,26.400001,25.840001,26.000001,1826400,8.358217999999999
2001-10-30,25.95,25.990002,25.000002,25.140002,1617300,8.081754
2001-10-31,25.390001,25.700001999999998,24.550002,25.320002,3317100,8.139619
2001-11-01,25.200001999999998,26.640002000000003,24.810001,25.910001,2338800,8.329285
2001-11-02,25.700001999999998,25.700001999999998,24.930001999999998,25.130001,1656100,8.078539
2001-11-05,25.250002,25.480001,24.600002,25.110001999999998,2092700,8.07211
2001-11-06,25.110001999999998,25.170001,24.520001,25.070002,1431200,8.059251
2001-11-07,25.080001,25.59,24.85,25.390001,1725900,8.162121
2001-11-08,25.540001999999998,25.710001000000002,25.070002,25.150001,2420700,8.084968
2001-11-09,25.5,26.140001,25.5,26.020001,2263000,8.364647
2001-11-12,25.600001000000002,25.850002,25.150001,25.650002,1425600,8.245704
2001-11-13,25.850002,25.86,25.190001000000002,25.86,2759200,8.313212
2001-11-14,26.350002000000003,26.370002000000003,24.610001,24.85,4020400,7.988527
2001-11-15,24.350002,24.4,23.400001,23.560001,5415600,7.573831
2001-11-16,23.75,24.450001,23.3,24.000001,2774000,7.715278
2001-11-19,24.240002,24.250001,23.66,23.860001999999998,3270600,7.670273
2001-11-20,24.350002,24.990001,24.000001,24.950001,2842900,8.020674
2001-11-21,24.950001,25.100001000000002,24.370002,24.67,1459200,7.930663000000001
2001-11-23,24.420002,24.960002,24.02,24.900001,1092200,8.004601
2001-11-26,24.900001,24.900001,24.110001,24.730002,2133500,7.9499509999999995
2001-11-27,24.550002,25.230002,24.300001,24.970001,2222700,8.027104
2001-11-28,24.980002,25.620001000000002,24.510002,24.510002,1996200,7.8792279999999995
2001-11-29,24.650001,24.990001,24.650001,24.870002,1406400,7.994957
2001-11-30,25.000002,25.100001000000002,24.710002,25.000002,1922000,8.036748
2001-12-03,24.650001,25.700001999999998,24.530002,25.370001000000002,2398200,8.155692
2001-12-04,25.530001000000002,26.000001,25.160002,26.000001,2370300,8.358217999999999
2001-12-05,26.010002,26.840002000000002,26.010002,26.730002000000002,3613000,8.592891
2001-12-06,26.250001,26.270001,25.390001,25.400001,3266800,8.242424
2001-12-07,25.400001,25.800001,25.060001,25.800001,2086900,8.372226
2001-12-10,25.200001999999998,25.250002,24.800002,24.970001,2330900,8.102886999999999
2001-12-11,25.03,25.240001,24.730002,24.76,1490600,8.034741
2001-12-12,24.950001,24.950001,24.520001,24.730002,1548400,8.025006
2001-12-13,24.550002,24.800002,24.160001,24.340001,1370200,7.898449
2001-12-14,24.49,24.900001,24.360001,24.750002,2070600,8.031496
2001-12-17,24.700001,25.090002,24.440002,24.76,1221000,8.034741
2001-12-18,24.76,25.250002,24.720001,25.180001999999998,1398300,8.171033
2001-12-19,24.900001,25.550001,24.900001,25.490001,2295100,8.27163
2001-12-20,25.95,26.050001,25.670002,25.900002,2837100,8.404677000000001
2001-12-21,26.100002,26.290001,26.060001999999997,26.150002,2710600,8.485803
2001-12-24,26.150002,26.440002000000003,26.070001,26.410001,1132600,8.570174
2001-12-26,26.450001,26.990001,26.450001,26.830001,1451000,8.706466
2001-12-27,26.700001,26.920001,26.410001,26.650001,1455600,8.648055000000001
2001-12-28,26.800002000000003,27.200002,26.680002,26.930002,1689000,8.738917
2001-12-31,26.600002000000003,27.100001000000002,26.530002000000003,26.530002000000003,1522700,8.609115
2002-01-02,26.450001,26.600002000000003,25.970001999999997,26.510002000000004,2079800,8.602625
2002-01-03,26.710002000000003,26.710002000000003,26.200001,26.390002000000003,2151100,8.563684
2002-01-04,26.270001,26.660002000000002,26.200001,26.610001,1295200,8.635075
2002-01-07,26.450001,26.810001,26.220001,26.520001,1522900,8.60587
2002-01-08,26.540001,26.540001,26.050001,26.120002,1184300,8.476068
2002-01-09,26.000001,26.280002000000003,25.810001999999997,26.050001,2551200,8.453352
2002-01-10,26.000001,26.220001,25.870001000000002,26.04,1988100,8.450107000000001
2002-01-11,26.100002,26.100002,25.300001,25.400001,1950400,8.242424
2002-01-14,25.400001,25.600001000000002,25.180001999999998,25.390001,1547700,8.239179
2002-01-15,25.640001,25.820001,25.570001,25.750001,1318300,8.356001
2002-01-16,25.750001,25.750001,25.000002,25.060001,2663500,8.132093
2002-01-17,25.070002,25.240001,24.900001,24.990001,1714700,8.109377
2002-01-18,24.560001,24.85,24.550002,24.610001,2525100,7.986064999999999
2002-01-22,24.600002,24.750002,24.290001,24.4,1467300,7.917919
2002-01-23,24.510002,25.190001000000002,24.510002,25.190001000000002,1218900,8.174278
2002-01-24,25.190001000000002,25.5,25.03,25.430001999999998,1548400,8.25216
2002-01-25,25.430001999999998,25.730001,25.250002,25.490001,1918900,8.27163
2002-01-28,25.550001,25.550001,25.170001,25.400001,1531900,8.242424
2002-01-29,25.300001,25.380001999999998,24.680001,24.76,2270300,8.034741
2002-01-30,24.800002,25.150001,24.510002,25.080001,2789800,8.138583
2002-01-31,25.450001999999998,25.95,25.300001,25.95,2881900,8.420902
2002-02-01,26.050001,26.260002000000004,25.880001999999998,26.180001,1592800,8.495538
2002-02-04,26.050001,26.050001,25.370001000000002,25.520001999999998,2007300,8.281365
2002-02-05,25.700001999999998,25.750001,25.430001999999998,25.610001999999998,2041000,8.310571000000001
2002-02-06,25.560001999999997,26.010002,25.420001,25.59,2704600,8.30408
2002-02-07,25.200001999999998,25.460001000000002,25.080001,25.370001000000002,1621500,8.232689
2002-02-08,25.170001,25.400001,25.010001000000003,25.370001000000002,2422000,8.232689
2002-02-11,25.200001999999998,25.820001,25.000002,25.810001999999997,1361200,8.375471000000001
2002-02-12,25.310001,25.650002,25.200001999999998,25.480001,2263600,8.268384
2002-02-13,25.270001999999998,25.380001999999998,25.070002,25.360001999999998,2668300,8.229444
2002-02-14,25.200001999999998,25.760002,25.200001999999998,25.690001000000002,1437900,8.336530999999999
2002-02-15,25.550001,25.800001,25.400001,25.660001,2024800,8.326794999999999
2002-02-19,25.300001,25.450001999999998,25.000002,25.200001999999998,2610200,8.177522999999999
2002-02-20,25.150001,25.350001000000002,24.750002,25.060001,1729700,8.132093
2002-02-21,25.190001000000002,25.620001000000002,25.190001000000002,25.330001,1637600,8.219709
2002-02-22,25.380001999999998,26.020001,25.360001999999998,25.930001,1801400,8.414411999999999
2002-02-25,25.750001,26.500001,25.750001,26.390002000000003,2731700,8.563684
2002-02-26,26.750002000000002,26.750002000000002,26.150002,26.680002,2770600,8.657791
2002-02-27,26.700001,26.880001,26.500001,26.740001,1605700,8.677261
2002-02-28,26.610001,27.030001000000002,26.600002000000003,26.840002000000002,1995800,8.709711
2002-03-01,26.800002000000003,27.900002,26.770002,27.570001,4146300,8.9466
2002-03-04,27.540002,28.110001,27.400002,28.000001,2804400,9.086136999999999
2002-03-05,27.600002000000003,28.100002000000003,27.510001000000003,27.950001,2343000,9.069911
2002-03-06,27.550001,28.490001,27.550001,28.450001,2416100,9.315486
2002-03-07,28.450001,28.450001,28.050002000000003,28.220001,3657400,9.240176
2002-03-08,28.470001,28.470001,27.870002000000003,27.990002,1508600,9.164867
2002-03-11,27.990002,28.400001,27.850002000000003,28.300002000000003,2634800,9.266371000000001
2002-03-12,27.850002000000003,28.630001,27.850002000000003,28.600001000000002,2162500,9.364600999999999
2002-03-13,28.730002000000002,28.880002,28.460002000000003,28.580001,2053500,9.358052
2002-03-14,28.590002000000002,28.650001,28.210002000000003,28.600001000000002,2104200,9.364600999999999
2002-03-15,28.800002000000003,28.990001,28.670001,28.850001000000002,2786700,9.44646
2002-03-18,28.800002000000003,29.000002000000002,28.680002,28.980002000000002,2260300,9.489025999999999
2002-03-19,29.000002000000002,29.140001,28.870001000000002,29.140001,2213800,9.541414999999999
2002-03-20,28.950002,28.970002,28.640002000000003,28.640002000000003,2258600,9.377699
2002-03-21,28.440002000000003,28.830001,28.400001,28.650001,2730000,9.380973
2002-03-22,28.550002000000003,28.550002000000003,28.310001,28.370002000000003,1862200,9.289292
2002-03-25,28.260002000000004,28.490001,28.060001,28.150001,1440600,9.217255999999999
2002-03-26,28.250001,28.580001,28.250001,28.470001,2434300,9.322035000000001
2002-03-27,28.720001,29.050001,28.650001,28.860002,2024800,9.449734
2002-03-28,29.050001,29.190001000000002,28.860002,29.150002,2070200,9.54469
2002-04-01,29.150002,29.640001,29.150002,29.620002000000003,3115500,9.698584
2002-04-02,29.750001,29.950001,29.710002000000003,29.770001,2471400,9.747698
2002-04-03,29.780002000000003,29.780002000000003,29.360002,29.500001,2522400,9.659291
2002-04-04,29.730001,29.730001,28.650001,28.880002,2886900,9.456283
2002-04-05,29.000002000000002,29.080001,28.530002000000003,28.540001,2523700,9.344955
2002-04-08,28.950002,29.270002,28.810001,29.020002,2086900,9.502124
2002-04-09,28.950002,28.960001000000002,28.520001,28.780001000000002,3079300,9.423539
2002-04-10,28.900001,29.400002,28.800002000000003,29.400002,3848100,9.626548
2002-04-11,29.400002,29.530001000000002,29.100001000000002,29.200002,2106700,9.561062
2002-04-12,28.990001,29.000002000000002,28.230002000000002,28.330001,3536700,9.276194
2002-04-15,28.540001,28.910002000000002,28.540001,28.710002000000003,2699800,9.400619
2002-04-16,28.950002,29.140001,28.900001,29.050001,4134000,9.511946
2002-04-17,29.150002,29.300001,28.960001000000002,29.250003000000003,3581300,9.577434
2002-04-18,29.300001,29.440001000000002,29.010001000000003,29.200002,3228700,9.561062
2002-04-19,29.100001000000002,29.270002,28.880002,29.200002,3311400,9.561062
2002-04-22,29.280001000000002,29.300001,28.860002,29.070002000000002,1688200,9.518495
2002-04-23,28.850001000000002,29.450002,28.670001,29.230001,2245500,9.570884
2002-04-24,28.900001,28.950002,28.520001,28.550002000000003,2546000,9.348230000000001
2002-04-25,28.050002000000003,28.850001000000002,28.050002000000003,28.520001,2656200,9.338407
2002-04-26,28.520001,28.600001000000002,28.230002000000002,28.600001000000002,2583700,9.364600999999999
2002-04-29,28.600001000000002,28.830001,28.310001,28.770002,2646600,9.420264999999999
2002-04-30,28.800002000000003,29.080001,28.580001,28.750002000000002,2910300,9.413717
2002-05-01,28.750002000000002,29.150002,28.540001,29.120001000000002,2845900,9.534867
2002-05-02,29.120001000000002,29.430001,28.920001,29.420002,3237000,9.633097
2002-05-03,29.420002,29.710002000000003,29.380002,29.710002000000003,3554400,9.728053
2002-05-06,29.400002,29.400002,28.510001000000003,28.530002000000003,2416600,9.341681
2002-05-07,28.510001000000003,28.650001,28.270001,28.480002000000002,1889100,9.325308999999999
2002-05-08,28.650001,29.210001000000002,28.600001000000002,29.100001000000002,3153000,9.528317999999999
2002-05-09,29.100001000000002,29.230001,28.800002000000003,28.970002,1587300,9.485752
2002-05-10,29.050001,29.260001000000003,29.000002000000002,29.050001,2285100,9.511946
2002-05-13,29.040002,29.620002000000003,28.820002000000002,29.620002000000003,2570600,9.698584
2002-05-14,29.620002000000003,29.710002000000003,29.500001,29.630002,3253900,9.701858
2002-05-15,29.630002,29.700001,29.230001,29.570001,4722900,9.682212
2002-05-16,29.670002,30.050002000000003,29.670002,30.000001,3675900,9.823008
2002-05-17,30.000001,30.000001,29.590001,29.900002,2168600,9.790265
2002-05-20,29.600002000000003,29.840001,29.570001,29.750001,1892400,9.74115
2002-05-21,29.750001,29.990002,29.560002,29.610001,2268400,9.695309
2002-05-22,29.600002000000003,30.150001,29.550001,30.140002000000003,2519100,9.868849
2002-05-23,30.220001,30.710001000000002,29.920002,30.670001,3759100,10.042389
2002-05-24,30.750002000000002,30.750002000000002,30.110001,30.380001,2523000,9.947433
2002-05-28,30.010002000000004,30.330001,30.000001,30.210002000000003,1991800,9.89177
2002-05-29,30.210002000000003,30.290001,29.900002,30.160002000000002,2836100,9.875397999999999
2002-05-30,29.910001,30.140002000000003,29.410001,29.770001,2179000,9.747698
2002-05-31,29.850002000000003,30.370002000000003,29.850002000000003,29.860001,2261500,9.777168
2002-06-03,29.750001,29.970001,29.500001,29.560002,2653500,9.678938
2002-06-04,29.610001,29.950001,29.350001000000002,29.650002,3088600,9.708407000000001
2002-06-05,29.600002000000003,29.900002,29.490002,29.780002000000003,2900700,9.750973
2002-06-06,29.780002000000003,30.000001,29.450002,29.660001,3475900,9.793898
2002-06-07,29.660001,29.830002,29.440001000000002,29.500001,2671200,9.741064999999999
2002-06-10,29.490002,29.790001,29.060002,29.060002,1884300,9.595775
2002-06-11,29.200002,29.490002,28.750002000000002,28.820002000000002,2497600,9.516525999999999
2002-06-12,28.850001000000002,29.300001,28.650001,29.060002,3529400,9.595775
2002-06-13,29.150002,29.790001,28.800002000000003,29.620002000000003,2916700,9.78069
2002-06-14,29.690002000000003,29.740002,28.850001000000002,29.680001,3229900,9.800502
2002-06-17,29.850002000000003,30.320002000000002,29.810002,30.270001,3580300,9.995324
2002-06-18,30.310001,30.410002000000002,30.070002000000002,30.220001,3718000,9.978813
2002-06-19,30.300002000000003,30.370002000000003,29.800002000000003,29.820001,2468200,9.846731
2002-06-20,29.950001,30.350003000000005,29.950001,30.160002000000002,2908400,9.959000999999999
2002-06-21,29.500001,30.160002000000002,29.420002,29.770001,3213900,9.830221
2002-06-24,29.870002000000003,30.000001,29.580002,29.700001,2282100,9.807106
2002-06-25,29.900002,30.290001,29.760002000000004,29.890002000000003,3070300,9.869845
2002-06-26,29.790001,29.860001,29.450002,29.860001,2984700,9.859939
2002-06-27,29.950001,30.000001,29.400002,29.690002000000003,3473600,9.803804
2002-06-28,29.550001,30.140002000000003,29.550001,29.990002,4125600,9.902866
2002-07-01,29.950001,30.080003,29.630002,29.710002000000003,4166300,9.810408
2002-07-02,29.600002000000003,29.820001,28.910002000000002,29.060002,3986000,9.595775
2002-07-03,29.020002,29.410001,28.500002000000002,28.850001000000002,3891800,9.526431
2002-07-05,28.800002000000003,29.370001000000002,28.800002000000003,29.370001000000002,2356100,9.698138
2002-07-08,29.370001000000002,29.370001000000002,28.800002000000003,29.020002,2571400,9.582567
2002-07-09,29.040002,29.120001000000002,28.400001,28.500002000000002,3425600,9.410860000000001
2002-07-10,28.700002,28.710002000000003,27.800001,27.880002,3697000,9.206133
2002-07-11,27.400002,27.660001,26.800002000000003,26.920001,4599800,8.889135000000001
2002-07-12,26.920001,27.140001,26.500001,26.740001,2859000,8.829697999999999
2002-07-15,26.500001,26.800002000000003,25.200001999999998,26.320001,5431900,8.691011
2002-07-16,26.320001,26.350002000000003,25.630001999999998,25.990002,3170100,8.582044
2002-07-17,26.320001,26.760001000000003,25.95,26.430001,5030500,8.727333999999999
2002-07-18,26.430001,26.670001,25.790001999999998,25.900002,2582900,8.552325
2002-07-19,25.400001,25.760002,24.700001,24.900001,4043500,8.222119000000001
2002-07-22,24.900001,25.120001000000002,23.520001999999998,23.630001999999998,5186000,7.802759
2002-07-23,24.050001,24.200001,23.100001000000002,23.460001000000002,5488200,7.746623
2002-07-24,23.250002,24.85,22.980002,24.810001,5787800,8.192401
2002-07-25,24.560001,24.950001,23.850001000000002,24.650001,5024900,8.139567999999999
2002-07-26,24.420002,24.990001,24.4,24.900001,3215400,8.222119000000001
2002-07-29,25.250002,26.290001,25.130001,26.260002000000004,2784800,8.671199
2002-07-30,25.570001,26.470001,25.400001,26.150002,3678800,8.634877000000001
2002-07-31,26.150002,27.090002000000002,25.740002,27.090002000000002,4509300,8.945269999999999
2002-08-01,27.050001,27.050001,25.710001000000002,25.750001,3786000,8.502794
2002-08-02,25.470001999999997,26.090001,25.120001000000002,25.450001999999998,2022500,8.403733
2002-08-05,25.250002,25.940002,24.930001999999998,24.970001,2675600,8.245234
2002-08-06,25.000002,26.150002,25.000002,25.700001999999998,2922600,8.486284
2002-08-07,25.95,26.270001,25.530001000000002,26.200001,2426600,8.651387
2002-08-08,26.700001,27.530001000000002,26.420002,27.300001,2377000,9.014613
2002-08-09,27.300001,27.950001,26.720001,27.780002000000003,2101200,9.173112
2002-08-12,27.530001000000002,27.800001,27.160002000000002,27.610002,1750500,9.116977
2002-08-13,27.610002,27.940002000000003,27.250002000000002,27.300001,2035400,9.014613
2002-08-14,27.550001,28.230002000000002,27.150001,28.180001,2333800,9.305194
2002-08-15,28.380001,28.900001,28.380001,28.760001000000003,2402800,9.496713
2002-08-16,28.700002,29.000002000000002,28.340001,28.870001000000002,2238800,9.533035
2002-08-19,28.800002000000003,29.300001,28.620002000000003,29.150002,2473700,9.625492999999999
2002-08-20,28.950002,29.110002,28.210002000000003,28.230002000000002,1917600,9.321703999999999
2002-08-21,28.240001,28.950002,28.010002000000004,28.790002,2337800,9.506619
2002-08-22,28.790002,29.400002,28.750002000000002,29.390001,2682700,9.704742
2002-08-23,29.390001,29.400002,28.750002000000002,29.260001000000003,2730600,9.661816
2002-08-26,29.250003000000003,29.580002,29.000002000000002,29.580002,1963300,9.767482000000001
2002-08-27,29.750001,29.950001,29.470002,29.690002000000003,2668700,9.803804
2002-08-28,29.490002,29.500001,28.910002000000002,29.010001000000003,2184400,9.579264
2002-08-29,28.800002000000003,29.260001000000003,28.500002000000002,29.190001000000002,2175200,9.638701
2002-08-30,29.130002,30.000001,29.040002,29.700001,3026800,9.807106
2002-09-03,29.300001,29.380002,28.500002000000002,28.840002000000002,2918800,9.52313
2002-09-04,28.790002,29.000002000000002,28.170002,28.770002,4208000,9.500015
2002-09-05,28.550002000000003,29.250003000000003,28.490001,29.110002,3037400,9.612285
2002-09-06,29.500001,29.670002,29.020002,29.290002,2370500,9.755502
2002-09-09,29.500001,29.500001,28.880002,29.160003000000003,2117500,9.712204
2002-09-10,29.300001,29.490002,29.000002000000002,29.230001,2349000,9.735517999999999
2002-09-11,29.900002,29.900002,29.530001000000002,29.690002000000003,2482000,9.888729
2002-09-12,29.690002000000003,29.690002000000003,29.020002,29.180002,1660500,9.718865
2002-09-13,29.150002,29.350001000000002,28.830001,29.120001000000002,2449500,9.698881
2002-09-16,28.800002000000003,29.100001000000002,28.750002000000002,29.000002000000002,3013200,9.658913
2002-09-17,28.850001000000002,28.850001000000002,28.250001,28.360001,4367000,9.445751
2002-09-18,28.350002000000003,28.610002,28.090001,28.330001,3361700,9.435759
2002-09-19,28.330001,28.500002000000002,27.900002,28.000001,3050300,9.325847
2002-09-20,28.300002000000003,28.420001,28.000001,28.120002000000003,5652800,9.365815
2002-09-23,28.130001,28.250001,27.740002,27.980001,3349400,9.319186
2002-09-24,27.980001,27.980001,27.430002,27.690002000000003,3916600,9.222597
2002-09-25,27.900002,28.210002000000003,27.550001,27.950001,5058400,9.309194
2002-09-26,28.100002000000003,28.550002000000003,27.940002000000003,28.550002000000003,4523500,9.509034
2002-09-27,28.550002000000003,29.180002,28.380001,28.710002000000003,3770100,9.562324
2002-09-30,28.460002000000003,28.520001,27.850002000000003,28.380001,2701000,9.452411999999999
2002-10-01,28.900001,28.960001000000002,28.530002000000003,28.800002000000003,4878600,9.5923
2002-10-02,28.850001000000002,29.550001,28.690001000000002,28.970002,4800700,9.648921000000001
2002-10-03,28.900001,29.640001,28.900001,29.500001,3419600,9.825446000000001
2002-10-04,29.500001,29.840001,28.860002,29.240002,2929000,9.738849
2002-10-07,29.650002,29.800002000000003,28.720001,28.720001,4005000,9.565655
2002-10-08,28.860002,28.970002,28.050002000000003,28.760001000000003,4211900,9.578977
2002-10-09,28.760001000000003,28.910002000000002,28.200001,28.300002000000003,3981200,9.425767
2002-10-10,28.400001,28.800002000000003,27.880002,28.260002000000004,7883900,9.412445
2002-10-11,28.650001,28.650001,28.260002000000004,28.400001,4636900,9.459073
2002-10-14,28.430001,29.190001000000002,28.420001,29.190001000000002,2501600,9.722195
2002-10-15,29.650002,30.240001,29.550001,30.210002000000003,4051200,10.061923
2002-10-16,30.210002000000003,30.370002000000003,29.850002000000003,29.900002,2613500,9.958673
2002-10-17,30.150001,30.490001,30.040001,30.320002000000002,3401700,10.09856
2002-10-18,30.330001,30.470001,29.830002,30.450001,2673500,10.141859
2002-10-21,30.320002000000002,30.740001,30.150001,30.580001,3389800,10.185157
2002-10-22,30.590002000000002,30.590002000000002,28.930002,29.050001,3461100,9.675566
2002-10-23,29.220002,30.040001,29.040002,30.040001,3007000,10.005301
2002-10-24,29.720002,29.970001,29.160003000000003,29.280001000000002,4764000,9.752171
2002-10-25,28.820002000000002,29.190001000000002,28.340001,28.470001,3276800,9.482388
2002-10-28,28.600001000000002,28.840002000000002,28.150001,28.530002000000003,3373500,9.502372
2002-10-29,27.990002,28.020001,27.520002,27.880002,4313800,9.28588
2002-10-30,28.000001,28.330001,28.000001,28.280002000000003,4525800,9.419106
2002-10-31,28.300002000000003,28.610002,28.030002000000003,28.530002000000003,4067900,9.502372
2002-11-01,28.350002000000003,28.860002,28.340001,28.740001,2336100,9.572316
2002-11-04,28.520001,28.670001,27.880002,28.010002000000004,2878600,9.329178
2002-11-05,27.600002000000003,28.100002000000003,27.600002000000003,28.080002,2822900,9.352492999999999
2002-11-06,28.300002000000003,28.300002000000003,27.600002000000003,28.200001,3760100,9.39246
2002-11-07,28.180001,28.350002000000003,27.860001,28.030002000000003,2108300,9.335839
2002-11-08,28.100002000000003,28.250001,27.550001,27.740002,2179200,9.23925
2002-11-11,27.500001,27.930001,27.260001000000003,27.410001,1886800,9.129338
2002-11-12,27.500001,27.870002000000003,27.380002,27.550001,2841100,9.175967
2002-11-13,27.550001,27.700002,26.470001,26.750002000000002,2912500,8.909514999999999
2002-11-14,27.100001000000002,27.670002,27.000002000000002,27.580002,3488100,9.185959
2002-11-15,27.200002,27.620001000000002,27.200002,27.620001000000002,2082700,9.199282
2002-11-18,27.450002,27.800001,27.260001000000003,27.540002,2143100,9.172637
2002-11-19,27.300001,27.640001,26.990001,27.320001,3250800,9.099362
2002-11-20,27.050001,27.910001,27.050001,27.910001,2515500,9.295871
2002-11-21,28.100002000000003,28.350002000000003,27.730001,28.240001,2415900,9.405783
2002-11-22,28.250001,28.250001,27.610002,28.050002000000003,2540800,9.3425
2002-11-25,27.900002,28.150001,27.650002,27.830002,2918200,9.269226
2002-11-26,27.300001,27.600002000000003,27.240001,27.440001000000002,4899900,9.139330000000001
2002-11-27,27.510001000000003,27.750001,27.350001000000002,27.600002000000003,4106100,9.192621
2002-11-29,27.700002,27.850002000000003,27.610002,27.850002000000003,1472900,9.275886999999999
2002-12-02,27.900002,27.970002,27.320001,27.540002,4221700,9.172637
2002-12-03,27.530001000000002,27.860001,27.280001000000002,27.600002000000003,3784900,9.192621
2002-12-04,27.350001000000002,27.700002,27.350001000000002,27.500001,2429500,9.159314
2002-12-05,27.600002000000003,27.850002000000003,27.500001,27.690002000000003,1698000,9.222597
2002-12-06,27.190001000000002,27.950001,27.130002,27.920002,2009300,9.383924
2002-12-09,28.000001,28.390002000000003,27.570001,27.670002,2639100,9.299899
2002-12-10,27.850002000000003,27.940002000000003,27.500001,27.900002,2470500,9.377202
2002-12-11,27.900002,28.090001,27.510001000000003,28.090001,2227700,9.441061
2002-12-12,27.900002,28.600001000000002,27.900002,28.600001000000002,2907800,9.612472
2002-12-13,28.590002000000002,28.700002,28.120002000000003,28.250001,2192700,9.494837
2002-12-16,28.450001,29.130002,28.330001,29.100001000000002,3962300,9.780522
2002-12-17,28.900001,29.240002,28.800002000000003,28.950002,2376100,9.730107
2002-12-18,28.600001000000002,28.790002,28.410002000000002,28.530002000000003,2552600,9.588944999999999
2002-12-19,28.300002000000003,28.700002,28.200001,28.680002,3885800,9.63936
2002-12-20,28.750002000000002,29.000002000000002,28.670001,29.000002000000002,3307700,9.746913000000001
2002-12-23,28.800002000000003,29.150002,28.700002,29.140001,3053000,9.793966000000001
2002-12-24,29.060002,29.200002,28.800002000000003,28.940001000000002,947500,9.726746
2002-12-26,28.970002,29.230001,28.640002000000003,28.680002,1586900,9.63936
2002-12-27,28.750002000000002,28.850001000000002,28.010002000000004,28.050002000000003,1730500,9.427617
2002-12-30,28.300002000000003,28.510001000000003,28.180001,28.500002000000002,1604600,9.578861999999999
2002-12-31,28.500002000000002,28.610002,28.100002000000003,28.450001,1673600,9.562057000000001
2003-01-02,28.300002000000003,29.100001000000002,28.300002000000003,29.090002000000002,2589900,9.777161999999999
2003-01-03,29.000002000000002,29.200002,28.940001000000002,29.140001,2555800,9.793966000000001
2003-01-06,29.000002000000002,29.570001,29.000002000000002,29.450002,2982400,9.898158
2003-01-07,29.150002,29.190001000000002,28.420001,28.490001,2820600,9.575501
2003-01-08,28.240001,28.650001,28.100002000000003,28.360001,2274400,9.531808
2003-01-09,28.610002,28.920001,28.520001,28.860002,1493800,9.699858
2003-01-10,28.680002,28.850001000000002,28.280002000000003,28.420001,1491100,9.551974000000001
2003-01-13,28.410002000000002,28.650001,28.110001,28.410002000000002,2835900,9.548613000000001
2003-01-14,28.300002000000003,28.590002000000002,28.200001,28.390002000000003,3149300,9.541891
2003-01-15,28.750002000000002,28.750002000000002,28.330001,28.600001000000002,1696700,9.612472
2003-01-16,28.900001,29.000002000000002,28.720001,28.890002000000003,1988700,9.709942
2003-01-17,28.640002000000003,29.000002000000002,28.580001,28.620002000000003,1849300,9.619195
2003-01-21,28.300002000000003,28.500002000000002,28.200001,28.340001,4048300,9.525086
2003-01-22,28.090001,28.700002,27.850002000000003,28.430001,2722100,9.555335000000001
2003-01-23,28.460002000000003,28.900001,28.310001,28.800002000000003,3152400,9.679692999999999
2003-01-24,28.950002,28.950002,28.120002000000003,28.170002,1727400,9.467949
2003-01-27,28.180001,28.290001,27.170001,27.280001000000002,2566000,9.16882
2003-01-28,27.530001000000002,27.950001,27.300001,27.770001,1692400,9.333509
2003-01-29,28.240001,28.910002000000002,27.920002,28.690001000000002,2949200,9.642721
2003-01-30,28.990001,29.190001000000002,28.220001,28.300002000000003,3773400,9.511642
2003-01-31,28.190002000000003,29.250003000000003,28.050002000000003,29.210001000000002,4242600,9.817492999999999
2003-02-03,29.210001000000002,29.280001000000002,28.840002000000002,29.000002000000002,4389900,9.746913000000001
2003-02-04,29.000002000000002,29.340001,28.650001,29.250003000000003,5926400,9.830938
2003-02-05,29.450002,29.600002000000003,29.150002,29.200002,5016800,9.814133
2003-02-06,28.990001,29.350001000000002,28.980002000000002,29.120001000000002,3835100,9.787244
2003-02-07,29.370001000000002,29.400002,28.750002000000002,28.880002,3595900,9.70658
2003-02-10,29.050001,29.210001000000002,28.960001000000002,29.120001000000002,5234300,9.787244
2003-02-11,29.120001000000002,29.210001000000002,28.770002,29.030001000000002,5549000,9.756995
2003-02-12,29.120001000000002,29.120001000000002,28.680002,28.800002000000003,5115500,9.679692999999999
2003-02-13,28.620002000000003,28.900001,28.440002000000003,28.650001,2480500,9.629277
2003-02-14,28.790002,28.990001,28.590002000000002,28.920001,3205400,9.720024
2003-02-18,28.900001,29.300001,28.860002,29.250003000000003,2835200,9.830938
2003-02-19,29.110002,29.250003000000003,28.920001,28.980002000000002,2495300,9.740191000000001
2003-02-20,29.040002,29.110002,28.820002000000002,28.820002000000002,2509100,9.686415
2003-02-21,28.880002,29.400002,28.800002000000003,29.230001,4034400,9.824214999999999
2003-02-24,29.100001000000002,29.500001,29.100001000000002,29.470002,3454200,9.90488
2003-02-25,29.470002,29.720002,28.780001000000002,28.950002,6325700,9.730107
2003-02-26,29.000002000000002,29.330002,28.880002,29.190001000000002,3918900,9.810771
2003-02-27,29.450002,29.660001,29.140001,29.380002,4159400,9.874630999999999
2003-02-28,29.550001,29.930001,29.530001000000002,29.900002,4699000,10.049403
2003-03-03,29.950001,30.040001,29.820001,29.980002000000002,3424200,10.076291000000001
2003-03-04,29.980002000000002,30.250002000000002,29.850002000000003,29.960002000000003,4701500,10.069569
2003-03-05,30.040001,30.240001,29.860001,30.120002000000003,4647900,10.123345
2003-03-06,30.110001,30.260003,29.760002000000004,30.150001,3502300,10.221662
2003-03-07,29.980002000000002,30.300002000000003,29.820001,30.150001,2966500,10.221662
2003-03-10,30.100002000000003,30.460002000000003,30.070002000000002,30.100002000000003,3482100,10.204711
2003-03-11,30.210002000000003,30.490001,29.990002,30.160002000000002,4372000,10.225052999999999
2003-03-12,30.000001,30.000001,29.130002,29.310002,4516600,9.93688
2003-03-13,29.580002,30.000001,29.330002,29.980002000000002,4442200,10.164028
2003-03-14,30.100002000000003,30.240001,29.860001,30.070002000000002,4788800,10.19454
2003-03-17,30.250002000000002,30.450001,30.100002000000003,30.450001,4286100,10.323369999999999
2003-03-18,30.450001,30.500002000000002,29.690002000000003,30.450001,5008000,10.323369999999999
2003-03-19,30.450001,30.740001,30.300002000000003,30.700002,4946700,10.408127
2003-03-20,30.700002,30.700002,29.500001,30.240001,6741700,10.252175
2003-03-21,30.600001000000002,30.600001000000002,29.670002,29.670002,5819500,10.05893
2003-03-24,29.530001000000002,29.790001,29.180002,29.320001,7391300,9.94027
2003-03-25,29.400002,29.730001,29.270002,29.320001,5887900,9.94027
2003-03-26,29.400002,29.490002,29.000002000000002,29.200002,5833900,9.899587
2003-03-27,29.150002,29.900002,29.150002,29.760002000000004,4334300,10.089442
2003-03-28,29.650002,29.900002,29.630002,29.750001,4217100,10.086052
2003-03-31,29.600002000000003,30.160002000000002,29.420002,29.960002000000003,5914300,10.157247
2003-04-01,30.250002000000002,30.940001000000002,30.250002000000002,30.930002,6072700,10.486104
2003-04-02,30.930002,31.160001,30.620001000000002,30.830001,4353400,10.452200999999999
2003-04-03,30.980001,30.990002,30.520002,30.620001000000002,3945200,10.381005
2003-04-04,30.790002,31.080002,30.500002000000002,31.010001000000003,4157300,10.513226
2003-04-07,31.300001,31.310002,30.810002,30.850001000000002,3819300,10.458981
2003-04-08,30.600001000000002,30.750002000000002,30.400001,30.450001,3966200,10.323369999999999
2003-04-09,30.580001,30.750002000000002,30.270001,30.270001,4066000,10.262346
2003-04-10,30.290001,30.490001,30.250002000000002,30.470001,3727600,10.330150999999999
2003-04-11,30.220001,30.450001,30.010002000000004,30.160002000000002,2300300,10.225052999999999
2003-04-14,30.010002000000004,30.470001,30.010002000000004,30.410002000000002,1995600,10.30981
2003-04-15,30.300002000000003,30.420001,30.150001,30.350003000000005,2775200,10.289468
2003-04-16,30.480002000000002,30.590002000000002,30.030002000000003,30.110001,2693900,10.208101
2003-04-17,30.050002000000003,30.600001000000002,30.020001,30.520002,1730900,10.347102
2003-04-21,30.510001000000003,30.650001,30.320002000000002,30.600001000000002,2062500,10.374224
2003-04-22,30.610002,30.740001,30.200001,30.570002000000002,3372700,10.364054
2003-04-23,30.640002000000003,30.640002000000003,30.050002000000003,30.300002000000003,3646700,10.272517
2003-04-24,30.390002000000003,30.620001000000002,30.100002000000003,30.240001,4436600,10.252175
2003-04-25,29.600002000000003,30.460002000000003,29.600002000000003,30.220001,4006400,10.245394000000001
2003-04-28,30.200001,30.600001000000002,30.120002000000003,30.150001,3193500,10.221662
2003-04-29,30.150001,30.210002000000003,29.550001,29.940002000000003,3072200,10.150466999999999
2003-04-30,29.900002,30.030002000000003,29.720002,29.850002000000003,8432600,10.119955000000001
2003-05-01,29.950001,30.240001,29.650002,30.080003,2832900,10.197931
2003-05-02,29.800002000000003,30.620001000000002,29.800002000000003,30.620001000000002,4826500,10.381005
2003-05-05,30.820002000000002,30.820002000000002,30.370002000000003,30.420001,2201100,10.313199000000001
2003-05-06,30.630002,30.900002,30.470001,30.710001000000002,2698500,10.411517
2003-05-07,30.630002,31.020002,30.450001,30.830001,2821500,10.452200999999999
2003-05-08,30.580001,30.960001000000002,30.450001,30.910002000000002,2932600,10.479322999999999
2003-05-09,30.980001,31.130002,30.800001,31.080002,2386300,10.536958
2003-05-12,30.950002,31.060002,30.650001,30.650001,3422900,10.391176
2003-05-13,30.650001,31.130002,30.650001,31.000002000000002,5389000,10.509836
2003-05-14,31.050001,31.120001000000002,30.880002,30.920001,2284800,10.482713
2003-05-15,31.050001,31.100001000000002,30.890001,31.000002000000002,2470700,10.509836
2003-05-16,31.050001,31.160001,30.800001,30.980001,2836100,10.503055
2003-05-19,30.900002,31.250001,30.800001,30.990002,2177100,10.506445
2003-05-20,31.090003000000003,31.210001000000002,31.000002000000002,31.050001,2828100,10.526786
2003-05-21,30.930002,32.030002,30.910002000000002,32.030002,3750700,10.859033
2003-05-22,32.000002,32.400001,31.930001,32.310001,4457400,10.953961
2003-05-23,32.500002,33.130002000000005,32.500002,32.900002,4871500,11.153986999999999
2003-05-27,32.700002000000005,33.590001,32.620001,33.53,3378300,11.367573
2003-05-28,33.540001000000004,33.750004,33.210001,33.240002000000004,4823200,11.269256
2003-05-29,33.250001,33.360001000000004,32.650002,32.840002,2698300,11.133645
2003-05-30,33.010002,33.740003,32.960001,33.740003,3682200,11.438769
2003-06-02,33.85,34.000002,33.550002,33.650003000000005,2490100,11.408257
2003-06-03,33.650003000000005,33.780002,33.150002,33.76,3272900,11.445549
2003-06-04,33.8,34.350001,33.76,34.280003,3233500,11.621844
2003-06-05,34.150003000000005,34.310001,33.930004,34.300001,2841500,11.628624
2003-06-06,33.870002,34.100003,33.370002,33.4,4389700,11.409989
2003-06-09,33.150002,33.510002,33.150002,33.390003,1939300,11.406574
2003-06-10,33.570003,33.790003000000006,33.390003,33.680001000000004,1812600,11.505642
2003-06-11,33.8,34.400001,33.690002,34.170001,3916000,11.673034
2003-06-12,34.25,34.380004,33.790003000000006,34.030001,1999500,11.625208
2003-06-13,34.000002,34.140002,33.520003,33.870002,1832600,11.57055
2003-06-16,33.89,34.000002,33.500001,33.910002,1952200,11.584214
2003-06-17,33.990001,33.990001,33.540001000000004,33.660004,1384600,11.498811
2003-06-18,33.660004,33.780002,33.450001,33.750004,2322600,11.529556
2003-06-19,33.85,33.98,33.110003000000006,33.540001000000004,2562200,11.457816000000001
2003-06-20,33.770001,33.970003000000005,33.470003000000005,33.470003000000005,2331300,11.433902999999999
2003-06-23,33.390003,33.820002,33.330002,33.680001000000004,2457400,11.505642
2003-06-24,33.630001,33.690002,33.300001,33.360001000000004,1861400,11.396325
2003-06-25,33.470003000000005,34.090002,33.320001,33.630001,3002000,11.488561
2003-06-26,33.650003000000005,33.98,33.450001,33.67,2440500,11.502226
2003-06-27,33.570003,33.990001,33.300001,33.450001,1686100,11.42707
2003-06-30,33.600002,33.8,33.320001,33.550002,2118300,11.461232
2003-07-01,33.550002,33.780002,32.800001,33.67,2182900,11.502226
2003-07-02,33.67,34.07,33.060002000000004,34.000002,4026900,11.61496
2003-07-03,33.820002,34.010003000000005,33.590001,33.600002,1448300,11.478313
2003-07-07,33.8,33.860001000000004,33.450001,33.690002,1999500,11.509058999999999
2003-07-08,33.600002,33.700003,33.000003,33.450001,2862300,11.42707
2003-07-09,33.450001,33.640002,33.150002,33.550002,2438000,11.461232
2003-07-10,33.550002,33.550002,32.750002,32.900002,3564200,11.239182000000001
2003-07-11,32.910003,33.49,32.880002000000005,33.370002,2772300,11.399741
2003-07-14,33.430003,33.500001,32.500002,32.590002,3380400,11.133281
2003-07-15,32.700002000000005,32.740002000000004,31.790001,31.860001,4759400,10.8839
2003-07-16,31.700001,31.740002,31.000002000000002,31.130002,5043000,10.634521000000001
2003-07-17,30.650001,31.480001,30.640002000000003,31.450003000000002,4926100,10.743838
2003-07-18,31.990001,32.500002,31.900003,32.500002,4136700,11.102535000000001
2003-07-21,32.650002,33.180003,32.610002,32.830002,3425800,11.215268
2003-07-22,32.970002,33.030001,32.200001,32.450002000000005,3350400,11.085453999999999
2003-07-23,32.550003000000004,32.740002000000004,32.050002,32.310001,2130200,11.037628
2003-07-24,32.710001,33.050001,32.210002,32.320002,2438600,11.041044
2003-07-25,32.550003000000004,33.240002000000004,32.320002,33.240002000000004,3247400,11.355331
2003-07-28,33.050001,33.970003000000005,32.750002,32.870001,3229100,11.228933
2003-07-29,33.080002,33.100002,32.400001,32.480002,2587700,11.095703
2003-07-30,32.600001,32.650002,31.880001,32.410002,3686500,11.07179
2003-07-31,32.850001,33.160001,32.520002000000005,32.690001,2771300,11.167442
2003-08-01,32.550003000000004,32.720002,31.950001,32.720002,3309600,11.177691000000001
2003-08-04,32.450002000000005,32.790002,32.200001,32.580001,2283600,11.129864
2003-08-05,32.300002,32.560002000000004,32.150001,32.160002,5103900,10.986385
2003-08-06,32.160002,32.720002,32.010002,32.560002000000004,2243800,11.123032
2003-08-07,32.590002,33.140001,32.310001,33.140001,3150500,11.321169
2003-08-08,33.450001,33.500001,33.210001,33.49,2714400,11.440735
2003-08-11,32.930002,33.470003000000005,32.900002,33.420002000000004,3097200,11.416822
2003-08-12,33.300001,33.720001,33.100002,33.720001,1819900,11.519307000000001
2003-08-13,33.750004,34.120001,33.700003,33.8,4248600,11.546636
2003-08-14,34.000002,34.120001,33.58,33.830003000000005,2897800,11.556885000000001
2003-08-15,33.970003000000005,34.060003,33.700003,34.060003,1214100,11.635457
2003-08-18,34.190003000000004,34.350001,33.880003,33.89,2752500,11.577380999999999
2003-08-19,33.89,34.050002,33.870002,33.94,1800700,11.594462
2003-08-20,33.900001,34.190003000000004,33.76,34.190003000000004,1578000,11.679867
2003-08-21,34.260001,34.350001,33.840004,33.910002,2217700,11.584214
2003-08-22,33.910002,34.000002,33.700003,33.750004,1463100,11.529556
2003-08-25,33.750004,33.910002,33.550002,33.610003000000006,1621300,11.48173
2003-08-26,33.610003000000006,33.660004,33.100002,33.320001,2121000,11.382660000000001
2003-08-27,33.340001,33.67,33.270001,33.53,2720200,11.454399
2003-08-28,33.600002,34.200004,33.520003,34.050002,2327800,11.632041000000001
2003-08-29,34.050002,34.360002,33.89,34.330003000000005,2310300,11.727694
2003-09-02,34.330003000000005,35.300002,34.130001,35.300002,5737800,12.059061
2003-09-03,35.250001,35.350002,35.000003,35.200001,3384600,12.024899000000001
2003-09-04,35.050003000000004,35.250001,34.930001000000004,34.990002000000004,2753500,11.95316
2003-09-05,34.79,35.000003,34.640003,34.760002,4535800,11.874588000000001
2003-09-08,34.7,35.390002,34.580002,35.390002,2665600,12.180918
2003-09-09,35.390002,35.400003000000005,34.97,35.160001,2714800,12.101754
2003-09-10,35.160001,35.350002,34.820003,35.000003,2937300,12.046683999999999
2003-09-11,35.19,35.210002,34.960003,35.000003,2333800,12.046683999999999
2003-09-12,34.830003999999995,35.270003,34.830003999999995,35.260002,3892700,12.136173
2003-09-15,35.050003000000004,35.24,34.890001,34.900002,1883500,12.012264
2003-09-16,34.980001,35.180003,34.840001,35.06,3359400,12.067333999999999
2003-09-17,35.000003,35.050003000000004,34.770002000000005,34.930001000000004,2474900,12.02259
2003-09-18,34.810002000000004,35.050003000000004,34.650003999999996,35.050003000000004,2968200,12.063894
2003-09-19,34.820003,35.070001,34.810002000000004,34.990002000000004,3095500,12.043242
2003-09-22,35.000003,35.090003,34.7,35.090003,2694800,12.077661
2003-09-23,35.070001,35.24,34.890001,35.080002,1734000,12.074219
2003-09-24,35.450003,35.840002,35.040003000000006,35.110001000000004,2966100,12.084544000000001
2003-09-25,35.160001,35.260002,34.910003,34.980001,2132700,12.039799
2003-09-26,34.980001,35.120002,34.640003,35.120002,2557400,12.087986
2003-09-29,34.990002000000004,35.160001,34.860002,35.040003000000006,3486700,12.060450999999999
2003-09-30,35.050003000000004,35.400003000000005,34.550003000000004,35.230003,2721900,12.125848
2003-10-01,35.480002,36.040003999999996,35.080002,36.040003999999996,3021800,12.404643
2003-10-02,35.91,35.970001,35.46,35.96,1982300,12.377106
2003-10-03,36.200002000000005,36.440003000000004,36.09,36.150001,2231300,12.442503
2003-10-06,35.950004,36.18,35.940003000000004,36.18,1873300,12.452828
2003-10-07,35.980002,36.410001,35.750002,36.330001,1744000,12.504457
2003-10-08,36.250002,36.250002,35.69,36.0,1798900,12.390874
2003-10-09,36.370001,36.370001,36.0,36.100001,2347800,12.425293
2003-10-10,36.100001,36.610002,36.050001,36.490004,4761100,12.559529
2003-10-13,36.530003,36.770001,36.380002000000005,36.750003,1653000,12.649018
2003-10-14,36.600002,36.690002,36.320001,36.670004,1831800,12.621483
2003-10-15,36.800003000000004,36.850004,36.100001,36.300003000000004,1902000,12.494132
2003-10-16,36.45,36.580003999999995,36.110002,36.380002000000005,3288700,12.521666999999999
2003-10-17,36.480003,36.480003,35.91,36.130004,1784900,12.43562
2003-10-20,36.100001,36.110002,35.450003,35.55,3670100,12.235988
2003-10-21,35.800002,36.81,35.700001,36.380002000000005,3710900,12.521666999999999
2003-10-22,36.380002000000005,36.490004,35.400003000000005,36.110002,2025000,12.428735000000001
2003-10-23,36.110002,36.310004,35.800002,36.300003000000004,2345100,12.494132
2003-10-24,36.280001,36.45,36.18,36.440003000000004,1982500,12.542319
2003-10-27,36.700002000000005,36.760003999999995,36.220003999999996,36.300003000000004,2211900,12.494132
2003-10-28,36.300003000000004,36.300003000000004,35.360003000000006,35.670003,4573900,12.277292
2003-10-29,35.73,36.030003,35.700001,35.850003,1897400,12.339246000000001
2003-10-30,35.700001,35.930002,35.160001,35.33,3258100,12.160266
2003-10-31,35.400003000000005,35.500003,34.950002000000005,35.260002,3891200,12.136173
2003-11-03,34.7,35.680004,34.7,35.490003,2777500,12.215337
2003-11-04,35.51,35.64,35.270003,35.490003,2452200,12.215337
2003-11-05,35.490003,35.78,35.380001,35.620002,3311200,12.260082
2003-11-06,35.650001,35.96,35.450003,35.91,1587100,12.359897
2003-11-07,35.91,36.150001,35.830001,36.070002,2055600,12.414968
2003-11-10,35.990003,36.220003999999996,35.920001,36.060001,1422700,12.411526
2003-11-11,35.980002,36.010001,35.6,35.700001,1833700,12.287617
2003-11-12,35.82,36.020002000000005,35.560001,36.020002000000005,1349300,12.397758
2003-11-13,36.030003,36.210003,35.930002,36.100001,2030800,12.425293
2003-11-14,36.100001,36.620003000000004,35.920001,36.430002,1976000,12.538877000000001
2003-11-17,36.430002,36.510002,36.110002,36.36,2295500,12.514783
2003-11-18,36.370001,36.400003999999996,36.060001,36.200002000000005,2448000,12.459713
2003-11-19,36.150001,36.200002000000005,35.930002,36.020002000000005,2759200,12.397758
2003-11-20,36.030003,36.36,35.750002,35.940003000000004,1825300,12.370223
2003-11-21,36.150001,36.160002,35.6,35.810003,1851200,12.325479
2003-11-24,35.950004,36.260003000000005,35.630003,36.220003999999996,2861900,12.466597
2003-11-25,36.310004,36.800003000000004,36.100001,36.600002,3412700,12.597389
2003-11-26,36.600002,37.000001,36.590001,36.670004,3455400,12.621483
2003-11-28,36.610002,36.870002,36.510002,36.680001000000004,1398300,12.624924
2003-12-01,36.72,37.720001,36.72,37.660004,2622200,12.962232
2003-12-02,37.480004,37.970003999999996,37.330003000000005,37.880004,2797900,13.037954
2003-12-03,37.850001,38.130002000000005,37.700004,37.700004,3034900,12.975999999999999
2003-12-04,37.71,38.950003,37.71,38.770003,3007800,13.344284
2003-12-05,38.880001,39.000003,38.600004,38.880001,1991200,13.382144
2003-12-08,38.800002,38.850002,38.400002,38.750001,2758100,13.427191
2003-12-09,38.810002000000004,39.260003000000005,38.750001,39.120002,3333700,13.555399
2003-12-10,39.180003,39.400003000000005,38.770003,38.870003999999994,4227100,13.468773
2003-12-11,38.800002,39.700002000000005,38.800002,39.630004,3296200,13.732119
2003-12-12,39.990004,40.250003,39.73,40.130004,2901300,13.905373
2003-12-15,40.140001,40.200002000000005,39.770004,39.870001,4481200,13.81528
2003-12-16,39.870001,40.250003,39.830001,40.230001,2684800,13.940023000000002
2003-12-17,40.200002000000005,40.810001,40.010001,40.790003000000006,3651300,14.134068
2003-12-18,40.510002,41.600003,40.160003,41.450002000000005,5676800,14.362763000000001
2003-12-19,41.460003,41.57,40.960002,41.150003000000005,3733000,14.258810999999998
2003-12-22,41.400001,41.48,41.080001,41.450002000000005,2631200,14.362763000000001
2003-12-23,41.450002000000005,41.450002000000005,40.970003000000005,41.330003000000005,2110000,14.321183
2003-12-24,41.370003000000004,42.060004,41.270002000000005,41.850001,1139300,14.501366
2003-12-26,41.990002000000004,42.150003999999996,41.600003,42.010003999999995,802900,14.556807999999998
2003-12-29,42.140003,42.800002,41.990002000000004,42.630003,2267800,14.771643
2003-12-30,42.640004,42.980002,42.460004,42.570002,1858700,14.750851999999998
2003-12-31,42.600004,42.800002,42.150003999999996,42.240004,2556400,14.636505
2004-01-02,42.150003999999996,42.550004,41.950002000000005,42.040002,4027900,14.567203
2004-01-05,42.500003,43.700002000000005,42.450003,43.700002000000005,4048700,15.142407
2004-01-06,43.700002000000005,43.700002000000005,43.030003,43.260003000000005,3934800,14.989942999999998
2004-01-07,43.260003000000005,43.260003000000005,42.350002,42.780004,2704100,14.823620000000002
2004-01-08,43.150001,43.180004,42.800002,43.110002,2509700,14.937967
2004-01-09,43.110002,43.400003000000005,42.800002,43.000004,2901500,14.899851000000002
2004-01-12,43.200002000000005,44.220001,43.030003,44.150002,4121900,15.298335
2004-01-13,44.150002,44.840004,44.100002,44.260003999999995,4077700,15.336452
2004-01-14,44.270001,44.560003,44.200003,44.490001,3132200,15.416147
2004-01-15,44.660004,44.720001,43.360003999999996,43.490003,3536300,15.06964
2004-01-16,43.710003,44.250003,43.390003,44.180001000000004,2611400,15.308729999999999
2004-01-20,44.200003,44.870002,44.060002000000004,44.380003,3305800,15.378032000000001
2004-01-21,44.380003,45.000002,44.120003999999994,45.000002,3544200,15.592867000000002
2004-01-22,45.080001,45.130002000000005,43.900003999999996,44.270001,4018900,15.339916
2004-01-23,44.450001,45.090002,44.230001,44.620003999999994,3833900,15.461195000000002
2004-01-26,44.620003999999994,44.960003,44.160003,44.880003,2666800,15.551287
2004-01-27,44.900001,45.000002,44.410001,44.580001,4220300,15.447332999999999
2004-01-28,44.580001,44.760001,44.110003000000006,44.320001,4044800,15.357241
2004-01-29,44.700003,44.700003,43.86,44.320001,4541200,15.357241
2004-01-30,44.330002,44.330002,43.890003,44.050001,4145700,15.263684
2004-02-02,44.060002000000004,44.470003000000005,43.520002000000005,43.800003000000004,6059400,15.177057999999999
2004-02-03,43.550001,44.020003,43.450004,43.910001,3167200,15.215173000000002
2004-02-04,44.060002000000004,44.060002000000004,43.100001,43.350003,3830300,15.021129
2004-02-05,43.200002000000005,43.530003,42.900003000000005,43.200002000000005,4517400,14.969152
2004-02-06,43.200002000000005,43.68,43.060001,43.560002000000004,2230700,15.093895000000002
2004-02-09,43.850004,44.420002000000004,43.650002,44.110003000000006,3591700,15.284475
2004-02-10,44.480004,45.040002,44.400001,44.990001,3037400,15.589402
2004-02-11,44.990001,45.100003,44.320001,45.090002,4114200,15.624053
2004-02-12,44.700003,45.030001,44.460002,44.650003000000005,3507300,15.471589999999999
2004-02-13,44.700003,44.950002000000005,44.350004,44.700003,3888700,15.488914999999999
2004-02-17,44.950002000000005,44.990001,44.410001,44.570004,4042700,15.443869
2004-02-18,44.320001,44.500002,44.030004,44.100002,3333100,15.28101
2004-02-19,44.300004,44.580001,44.060002000000004,44.160003,2697100,15.301801000000001
2004-02-20,44.400001,44.630001,43.900003999999996,44.360001000000004,3136600,15.371101999999999
2004-02-23,44.330002,44.500002,43.980003,44.120003999999994,2175200,15.287939999999999
2004-02-24,44.000001,44.490001,43.990004,44.240002000000004,2906300,15.329521
2004-02-25,44.350004,44.810001,44.150002,44.450001,4359700,15.402287
2004-02-26,44.450001,44.590002,44.300004,44.340003,3787000,15.364172
2004-02-27,44.480004,44.640002,44.100002,44.400001,3744700,15.384962
2004-03-01,44.700003,46.470001,44.680002,46.430002,5233500,16.088373999999998
2004-03-02,46.200001,47.220003999999996,45.360002,45.390001,4911300,15.728005
2004-03-03,45.400002,45.510003999999995,45.010003000000005,45.280003,3071300,15.68989
2004-03-04,45.150003000000005,45.250004,45.000002,45.000002,2929000,15.592867000000002
2004-03-05,45.010003000000005,46.190003999999995,45.010003000000005,46.110001000000004,4161500,15.977491
2004-03-08,46.050004,46.760003000000005,46.000003,46.410004,3129700,16.17793
2004-03-09,46.000003,46.190003999999995,45.590003,45.820003,3245200,15.972263
2004-03-10,45.000002,46.300002,44.980004,45.050003000000004,4212500,15.703851
2004-03-11,44.750004,45.100003,44.280002,44.510002,3799500,15.515614000000001
2004-03-12,44.300004,45.190003000000004,44.250003,45.150003000000005,1935800,15.738710000000001
2004-03-15,45.200004,45.490002000000004,44.950002000000005,44.950002000000005,3089500,15.668992000000001
2004-03-16,45.250004,45.660001,44.300004,45.600004,4969900,15.895574
2004-03-17,45.820003,46.330001,45.7,46.160001,3313100,16.090782
2004-03-18,46.200001,46.730004,46.060001,46.580003000000005,2220700,16.237189
2004-03-19,46.580003000000005,46.720003000000005,46.130003,46.300002,3004200,16.139585
2004-03-22,46.300002,46.300002,45.580002,45.630002000000005,3702200,15.906031
2004-03-23,45.660001,45.7,44.690002,44.730002,4066300,15.592303
2004-03-24,44.350004,44.600002,43.510001,43.540003999999996,4220500,15.177485
2004-03-25,43.650002,43.750003,43.23,43.520002000000005,4678900,15.170511999999999
2004-03-26,43.700002000000005,43.960001,43.300003000000004,43.5,5577200,15.16354
2004-03-29,44.590002,44.590002,43.760003999999995,44.390004,2869200,15.473784
2004-03-30,44.430003,45.7,44.430003,45.430004,3222200,15.836314999999999
2004-03-31,45.750001,46.170002000000004,45.210001,46.050004,3063200,16.052438000000002
2004-04-01,46.350002,46.390002,45.520004,45.79,3292300,15.961804999999998
2004-04-02,45.950003,46.080002,45.560004,45.960004,2400700,16.021066
2004-04-05,45.960004,46.390002,45.810002000000004,46.390002,3407100,16.170957
2004-04-06,46.490003,46.660002,45.920004,46.270003,2331300,16.129127
2004-04-07,46.110001000000004,46.560001,45.7,46.150001,2231900,16.087296
2004-04-08,46.500004,46.920001,46.390002,46.650001,2125800,16.261589999999998
2004-04-12,46.650001,47.630004,46.640004,47.510002,2881500,16.561375
2004-04-13,47.590001,47.630004,46.430002,46.540003000000006,3301400,16.223246
2004-04-14,46.550004,47.520003,46.000003,47.430003,3753200,16.533488000000002
2004-04-15,47.450004,48.490001,47.430003,48.140002,2774000,16.780985
2004-04-16,48.140002,48.770002000000005,47.930003,48.610003999999996,2993000,16.944820999999997
2004-04-19,49.250001,49.530002,48.470003000000005,49.000003,3991600,17.08077
2004-04-20,48.950002000000005,48.950002000000005,47.750003,47.750003,3020900,16.645035999999998
2004-04-21,47.750003,47.910001,47.100001,47.700003,3889700,16.627607
2004-04-22,47.700003,48.590002,47.570003,48.500002,2460300,16.906476
2004-04-23,48.510003000000005,48.800001,47.450004,48.050002,2740200,16.749612
2004-04-26,48.200003,48.750004,47.900003999999996,48.690003000000004,3579000,16.972707999999997
2004-04-27,48.940001,49.170002000000004,48.570004,48.900002,4498300,17.045911
2004-04-28,48.860002,49.000003,47.960002,48.000001,2889600,16.732183
2004-04-29,48.250004,48.300004,46.670003,47.060002000000004,2912800,16.404511
2004-04-30,47.100001,47.520003,46.800002,47.200002000000005,3308300,16.453313
2004-05-03,47.200002000000005,48.860002,47.070003,48.750004,3601500,16.993624
2004-05-04,48.800001,49.210001,48.450002000000005,48.810002000000004,3285000,17.014538
2004-05-05,48.700004,48.700004,47.710004,48.480004,5142800,16.899504999999998
2004-05-06,48.590002,48.710001,47.990005,48.420003,3410800,16.87859
2004-05-07,48.420003,48.420003,47.180004,47.290002,2736900,16.484686
2004-05-10,46.400003000000005,46.410004,45.110003999999996,45.130002000000005,3950000,15.731738
2004-05-11,45.350001,45.650003999999996,45.100003,45.590003,4414100,15.892088000000001
2004-05-12,45.550003000000004,45.740004,44.800004,45.560004,3186400,15.881631
2004-05-13,45.570001,45.990002000000004,44.990001,44.990001,4028300,15.682935
2004-05-14,45.480001,46.440002,45.410003,46.270003,4120400,16.129127
2004-05-17,46.270003,46.710002,45.950003,46.230004,3392300,16.115184
2004-05-18,46.350002,46.350002,45.800001,45.940002,4006400,16.014093
2004-05-19,46.020001,46.360003000000006,45.500003,45.510003999999995,3791800,15.864201000000001
2004-05-20,45.520004,45.820003,45.340004,45.340004,4531600,15.804942
2004-05-21,45.61,45.730003,44.510002,44.750004,4828600,15.599275
2004-05-24,44.800004,45.660001,44.330002,45.450002000000005,5242000,15.843285999999999
2004-05-25,45.500003,46.340001,45.500003,46.300002,2961500,16.139585
2004-05-26,45.980001,46.450003,45.560004,45.680003,4290700,15.923460999999998
2004-05-27,45.680003,45.710001,44.020003,44.080003999999995,9322500,15.365722
2004-05-28,44.080003999999995,44.450001,43.820001,44.200003,5499200,15.407551999999999
2004-06-01,44.750004,45.280003,44.200003,44.840004,5114300,15.630648
2004-06-02,44.910002,44.960003,44.370002,44.370002,3742000,15.466810999999998
2004-06-03,44.390004,44.850001,44.120003999999994,44.340003,6815000,15.456354000000001
2004-06-04,44.410001,44.470003000000005,43.540003999999996,44.210004,3436700,15.411038000000001
2004-06-07,44.560003,45.100003,44.230001,45.050003000000004,3160300,15.703851
2004-06-08,45.200004,45.460003,44.800004,45.090002,3877200,15.814333
2004-06-09,44.860002,45.120001,44.420002000000004,44.850001,4121500,15.730158
2004-06-10,45.000002,45.710001,44.970003000000005,45.710001,2943600,16.031784
2004-06-14,45.520004,45.580002,45.000002,45.060003,2411100,15.803810999999998
2004-06-15,45.600004,45.960004,45.500003,45.830003999999995,3132400,16.073872
2004-06-16,46.090003,46.940003000000004,45.950003,46.940003000000004,3384800,16.463179999999998
2004-06-17,47.190001,47.730001,46.870001,47.470002,3062200,16.649066
2004-06-18,47.470002,48.450002000000005,47.410001,48.240003,4997800,16.919127
2004-06-21,48.740003,48.750004,48.100002,48.180001000000004,2744400,16.898083
2004-06-22,48.000001,48.260001,47.480003,48.260001,3036500,16.92614
2004-06-23,48.650003000000005,49.670002000000004,48.490001,49.670002000000004,3299500,17.420668
2004-06-24,49.550004,49.720003000000005,48.900002,48.970003999999996,3208300,17.175159
2004-06-25,48.870003000000004,49.330003999999995,48.510003000000005,48.560003,3103700,17.03136
2004-06-28,48.700004,48.830003000000005,47.300003000000004,47.410001,4016700,16.628022
2004-06-29,47.300003000000004,48.130001,47.200002000000005,47.900003999999996,3178300,16.799879999999998
2004-06-30,47.870002,48.500002,47.740002000000004,48.410002,2722900,16.97875
2004-07-01,48.760001,48.780003,48.130001,48.460002,3106600,16.996287
2004-07-02,48.650003000000005,48.740003,48.170004999999996,48.290003000000006,1670500,16.936663
2004-07-06,48.740003,49.260002,48.560003,48.860002,4089400,17.136578
2004-07-07,48.860002,48.860002,48.190002,48.440001,3574600,16.989272
2004-07-08,48.810002000000004,49.000003,48.200003,48.630002000000005,2655000,17.05591
2004-07-09,49.250001,49.250001,48.770002000000005,48.960003,2493900,17.171651
2004-07-12,48.370002,48.640002,48.060003,48.380003,2448000,16.968229
2004-07-13,48.720002,48.720002,48.170004999999996,48.610003999999996,1994500,17.048896
2004-07-14,48.520004,49.320003,48.520004,49.320003,2323000,17.297913
2004-07-15,49.450003,49.450003,48.900002,49.130002000000005,2789400,17.231274
2004-07-16,49.490002000000004,50.470002,49.350002,50.470002,3756400,17.70125
2004-07-19,49.150003999999996,50.280004999999996,49.080002,50.000004,3575700,17.536409
2004-07-20,49.880001,49.990003,49.390001,49.770003,2254000,17.455741
2004-07-21,49.770003,50.200001,48.900002,48.960003,3002200,17.171651
2004-07-22,48.960003,49.200004,48.530001,48.880004,2970900,17.143593
2004-07-23,48.870003000000004,49.080002,48.410002,49.060004,2701200,17.206723999999998
2004-07-26,48.400001,48.960003,48.060003,48.350001,3540500,16.957705999999998
2004-07-27,48.250004,48.880004,47.900003999999996,48.660004,1892600,17.066433
2004-07-28,48.600003,49.190003000000004,48.510003000000005,48.770002000000005,3103400,17.105012
2004-07-29,49.500003,49.500003,48.930004,49.210001,2422000,17.259332
2004-07-30,49.480001,49.710002,49.070001,49.270003,4621000,17.280376999999998
2004-08-02,49.350002,49.540003000000006,48.770002000000005,49.400002,4294900,17.325971
2004-08-03,49.550004,50.010005,49.430001000000004,49.970001,5613600,17.525886
2004-08-04,50.000004,50.000004,49.620002,49.750001,8059400,17.448726
2004-08-05,49.900003000000005,50.030002,49.010003000000005,49.010003000000005,5665300,17.189188
2004-08-06,49.000003,49.010003000000005,47.760003999999995,47.950001,3918300,16.817415
2004-08-09,48.200003,49.590003,48.080005,49.310002000000004,3933700,17.294406
2004-08-10,49.290003999999996,49.870003999999994,49.090003,49.630003,4805900,17.406639000000002
2004-08-11,49.720003000000005,50.000004,49.310002000000004,49.900003000000005,6064800,17.501335
2004-08-12,49.900003000000005,50.250002,49.660001,49.660001,5813900,17.41716
2004-08-13,49.860003000000006,50.350003,49.810003,50.110001000000004,3787000,17.574988
2004-08-16,50.110001000000004,50.350003,49.850002,50.320004,3543600,17.648642000000002
2004-08-17,50.320004,50.320004,49.360003000000006,49.440002,5748900,17.34
2004-08-18,49.600004,50.190005,49.600004,50.110001000000004,5084900,17.574988
2004-08-19,50.210002,50.230004,49.850002,49.990003,5281000,17.532901000000003
2004-08-20,50.100004999999996,50.950004,50.050004,50.600001,4486600,17.746845
2004-08-23,50.800003000000004,50.880002000000005,49.700001,49.950003,3833100,17.518872
2004-08-24,49.960004,49.960004,48.850001,49.350002,5783900,17.308435
2004-08-25,50.000004,50.150001,49.690003999999995,49.830003999999995,3829700,17.476785
2004-08-26,49.820004,50.390002,49.400002,50.330001,2322200,17.652148
2004-08-27,50.500004,51.040003999999996,50.430002,50.890003,2773800,17.848556
2004-08-30,51.120003000000004,51.500001,50.580003000000005,50.920002000000004,3186600,17.859078
2004-08-31,51.060002000000004,51.790003000000006,51.010002,51.650003000000005,3161800,18.11511
2004-09-01,52.000002,52.930005,51.740003,52.830004,4347000,18.528969
2004-09-02,53.020005000000005,53.440002,52.980001,53.390002,4666700,18.725376
2004-09-03,53.250001,53.510004,53.070001,53.340001,3725300,18.70784
2004-09-07,52.750005,52.990002000000004,52.570005,52.950003,6251300,18.571056
2004-09-08,52.600003,52.610004,52.160004,52.300005,5082400,18.438848999999998
2004-09-09,52.500002,53.150004,52.380004,52.990002000000004,3578600,18.682114000000002
2004-09-10,53.350002,53.350002,52.340004,52.600003,3780700,18.544616
2004-09-13,53.11000500000001,53.500004000000004,53.000003,53.480002,2840000,18.854867000000002
2004-09-14,53.590004,53.900003000000005,53.360003000000006,53.610001000000004,3159300,18.9007
2004-09-15,53.400003000000005,53.690004,53.220003000000005,53.580003000000005,3396700,18.890124
2004-09-16,53.580003000000005,54.000004000000004,53.360003000000006,53.910004,2486200,19.006469
2004-09-17,54.340002,54.920002000000004,54.27000400000001,54.690002,3290400,19.281464
2004-09-20,54.800003000000004,55.370002,54.790002,55.060003,3332100,19.411911
2004-09-21,55.150003000000005,56.460003,54.950005000000004,56.350002,4800000,19.866712
2004-09-22,56.250005,56.250005,55.52000400000001,55.58000500000001,3929100,19.595243
2004-09-23,55.500002,55.510003000000005,54.520002000000005,54.520002000000005,5290400,19.221529
2004-09-24,54.750003,55.22000500000001,54.600002,54.950005000000004,3449800,19.37313
2004-09-27,55.050002,55.350004000000006,54.540004,54.840003,2643500,19.334348000000002
2004-09-28,55.050002,55.900001,55.050002,55.860002,3713800,19.693958
2004-09-29,55.860002,55.860002,54.940004,55.450001,3308100,19.549409
2004-09-30,55.70000400000001,56.000002,55.570004000000004,55.930004000000004,3668200,19.718638000000002
2004-10-01,55.970004,56.500003,55.600003,56.500003,2965300,19.919597
2004-10-04,56.500003,56.690004,56.050003000000004,56.370003000000004,2833600,19.873764
2004-10-05,56.820003,57.51000500000001,56.770003,57.140004000000005,2693300,20.145235
2004-10-06,57.300002,58.54000500000001,57.290001000000004,58.490004000000006,3621900,20.62119
2004-10-07,59.000002,59.420003,57.900004,57.900004,3921800,20.41318
2004-10-08,58.100001,58.500005,57.650001,58.190001,2806700,20.515421
2004-10-11,58.770001,58.850004000000006,57.45000400000001,57.570002,2215200,20.296835
2004-10-12,57.650001,58.340003,56.810002000000004,56.950003,4092300,20.078248000000002
2004-10-13,56.520005000000005,56.530002,54.170003,54.910001,6836300,19.359026999999998
2004-10-14,55.450001,56.160005000000005,55.260004,55.70000400000001,4032700,19.637549
2004-10-15,56.480001,56.500003,55.980005000000006,56.300001,3197800,19.849084
2004-10-18,56.400002,56.490002000000004,55.730002,55.910002,3952000,19.711585999999997
2004-10-19,55.510003000000005,56.180002,55.390004000000005,55.950002000000005,3645900,19.725689000000003
2004-10-20,56.450002000000005,57.400003000000005,56.350002,57.170003,3582800,20.155811
2004-10-21,58.050005000000006,58.170004000000006,57.15000500000001,57.870005000000006,3836000,20.402603
2004-10-22,57.900004,58.220004,57.63000400000001,57.77000400000001,4913400,20.367347
2004-10-25,58.000005,58.700003,57.810004000000006,58.460002,3743400,20.610612
2004-10-26,58.460002,58.460002,57.470001,57.780005,5455400,20.370873
2004-10-27,57.95000400000001,57.95000400000001,55.670005,56.500003,7643600,19.919597
2004-10-28,56.050003000000004,56.400002,54.900004,54.910001,6135000,19.359026999999998
2004-10-29,55.160003,55.930004000000004,54.970003000000005,55.830003000000005,4739800,19.683382
2004-11-01,56.260001,56.540002,55.060003,55.550002,4439100,19.584665
2004-11-02,55.950002000000005,56.070005,54.920002000000004,54.930003,3318700,19.366079
2004-11-03,55.950002000000005,56.580002,55.370002,56.450002000000005,3729300,19.901969
2004-11-04,56.900003000000005,57.550004,56.600004000000006,57.550004,3561300,20.289784
2004-11-05,57.550004,58.120003000000004,57.310003,58.000005,4058100,20.448435999999997
2004-11-08,58.000005,58.020002000000005,57.100004000000006,57.360003000000006,3958100,20.222798
2004-11-09,57.360003000000006,57.590004,56.710002,56.870004,4099200,20.050044
2004-11-10,57.400003000000005,57.63000400000001,56.61000500000001,56.980002,4340900,20.088825
2004-11-11,56.990003,57.140004000000005,56.480001,56.520005000000005,3615100,19.926648
2004-11-12,56.620002,57.910005000000005,56.540002,57.910005000000005,4015400,20.416706
2004-11-15,57.900004,58.230005000000006,56.190003000000004,56.530002,4091300,19.930173
2004-11-16,56.980002,57.190004,56.860003000000006,56.920004000000006,3515200,20.067672
2004-11-17,56.920004000000006,57.640004000000005,56.890002,57.310003,3810300,20.205170000000003
2004-11-18,57.560001,57.580003000000005,57.110001000000004,57.300002,2449700,20.201644
2004-11-19,57.550004,58.470002,57.45000400000001,58.430003,3678600,20.600036
2004-11-22,58.500005,59.570004000000004,58.450005000000004,59.450002000000005,4127300,20.959646
2004-11-23,59.800005000000006,60.360003000000006,59.52000400000001,59.88000400000001,4324000,21.111247
2004-11-24,59.900002,60.300001,59.240003,59.88000400000001,4711900,21.111247
2004-11-26,59.950002000000005,60.750002,59.780003,60.310002000000004,1625300,21.262847
2004-11-29,60.400002,60.500003,59.300004,60.030001,2496400,21.16413
2004-11-30,59.850001,60.280004000000005,59.790004,60.210001,3458800,21.227591
2004-12-01,60.100004000000006,60.120001,58.560002000000004,58.840003,4712100,20.744585
2004-12-02,58.800004,58.800004,56.190003000000004,56.520005000000005,6525200,19.926648
2004-12-03,56.500003,56.870004,56.000002,56.750001,5285400,20.007735999999998
2004-12-06,57.100004000000006,57.190004,56.180002,56.510004,3393700,19.923123
2004-12-07,56.520005000000005,56.520005000000005,55.060003,55.260004,4499900,19.482423999999998
2004-12-08,54.980003,55.000001,53.940003000000004,54.750003,6052500,19.399159
2004-12-09,55.290003000000006,55.440004,54.560002000000004,55.370002,4229800,19.618839
2004-12-10,55.950002000000005,56.040002,54.980003,55.300004,5086600,19.594037
2004-12-13,55.780003,56.640003,55.770002000000005,56.600004000000006,4465100,20.054656
2004-12-14,56.750001,56.850002,56.220002,56.510004,3498800,20.022767
2004-12-15,56.650004,57.600005,56.420004000000006,57.500004000000004,4898400,20.373547
2004-12-16,57.250002,57.480002,56.710002,57.15000500000001,5265400,20.249534
2004-12-17,57.000003,57.63000400000001,56.900003000000005,56.900003000000005,6720200,20.160953
2004-12-20,57.200001,58.800004,57.100004000000006,58.680001000000004,6276500,20.791646
2004-12-21,58.800004,59.190003000000004,58.300003000000004,58.710004000000005,3401000,20.802277
2004-12-22,58.800004,58.980004,57.380001,58.040004,3389000,20.564881
2004-12-23,58.290002,58.600002,58.020002000000005,58.210003,2367000,20.625116000000002
2004-12-27,58.220004,58.380002000000005,57.540004,57.540004,2567600,20.38772
2004-12-28,57.750002,58.280001,57.740001,58.13000400000001,2398800,20.596770000000003
2004-12-29,58.800004,58.820002,58.350004000000006,58.450005000000004,4081900,20.710153
2004-12-30,58.450005000000004,58.480003,58.040004,58.370002,1690900,20.681805999999998
2004-12-31,58.590005000000005,58.590005000000005,58.250003,58.36000500000001,1347700,20.678264000000002
2005-01-03,58.36000500000001,58.36000500000001,56.420004000000006,56.550003000000004,3750300,20.036939999999998
2005-01-04,56.550003000000004,56.730003,55.88000400000001,55.920003,4621400,19.813717
2005-01-05,54.180004000000004,56.280003,54.170003,55.610004,5346500,19.703877
2005-01-06,55.610004,57.130003,55.510003000000005,56.670002000000004,3799700,20.079458
2005-01-07,56.670002000000004,56.670002000000004,55.590002,55.750004000000004,7614500,19.753482
2005-01-10,56.010003000000005,56.320003,55.450001,55.750004000000004,5571500,19.753482
2005-01-11,55.350004000000006,55.960003,55.030004000000005,55.710004000000005,3485400,19.73931
2005-01-12,55.830003000000005,56.750001,55.340003,56.670002000000004,3495200,20.079458
2005-01-13,56.750001,57.520002000000005,56.360002,56.980002,3318700,20.189298
2005-01-14,57.500004000000004,58.260004,56.930001000000004,58.13000400000001,4087100,20.596770000000003
2005-01-18,58.300003000000004,58.780002,58.090005000000005,58.36000500000001,5292100,20.678264000000002
2005-01-19,58.36000500000001,58.610003000000006,57.990004000000006,58.300003000000004,3096800,20.657004999999998
2005-01-20,58.300003000000004,58.300003000000004,57.210002,57.500004000000004,4078300,20.373547
2005-01-21,57.800003000000004,58.480003,57.590004,57.63000400000001,3391900,20.419609
2005-01-24,57.900004,58.480003,57.700002000000005,57.800003000000004,4016900,20.479843
2005-01-25,57.550004,57.750002,56.730003,56.950003,5932700,20.178669
2005-01-26,57.250002,57.820004000000004,57.040003000000006,57.700002000000005,6320500,20.444411
2005-01-27,57.550004,58.250003,57.470001,57.760003000000005,4782900,20.465670000000003
2005-01-28,57.77000400000001,57.77000400000001,57.120002,57.51000500000001,2839400,20.37709
2005-01-31,57.51000500000001,58.850004000000006,57.340002,58.380002000000005,5794700,20.68535
2005-02-01,58.680001000000004,59.460003,58.410005000000005,59.400001,7052800,21.046758999999998
2005-02-02,59.350005,60.300001,59.350005,60.230003,4507900,21.340847
2005-02-03,59.650004,60.870004,59.600003,60.560005000000004,4505800,21.457774
2005-02-04,60.810003,61.000004000000004,59.650004,59.940001,5416700,21.238093
2005-02-07,60.080002,60.200005000000004,59.270002000000005,60.050003000000004,3649000,21.277069
2005-02-08,60.050003000000004,60.730004,59.620005000000006,60.570002,2648500,21.461316
2005-02-09,60.700005000000004,61.760004,60.210001,61.290002,5425200,21.716428
2005-02-10,61.800003000000004,63.460003,61.650002,63.370003000000004,5355600,22.45342
2005-02-11,63.750005,65.520003,63.280003,65.130004,7804900,23.077028
2005-02-14,65.500005,66.230002,64.980003,65.060002,6902600,23.052224
2005-02-15,65.250003,65.500005,64.400003,65.000004,3554800,23.030966
2005-02-16,65.11000200000001,66.750004,65.11000200000001,66.600003,5340600,23.597881
2005-02-17,67.000003,67.22000600000001,65.800004,65.910005,4755800,23.3534
2005-02-18,66.020003,69.13,66.020003,67.87,5805100,24.04787
2005-02-22,68.700002,70.200008,68.05,68.05,6432200,24.111648000000002
2005-02-23,68.060001,68.760007,67.800002,68.550005,6926700,24.288811
2005-02-24,69.250003,69.950001,68.510001,69.930008,4869000,24.777777
2005-02-25,69.99000500000001,71.82,69.90000500000001,71.360007,6000600,25.284457999999997
2005-02-28,71.600004,72.130004,68.200005,70.27000600000001,8285500,24.898246
2005-03-01,70.280007,70.440005,68.74000600000001,69.31,6340100,24.558095
2005-03-02,69.950001,71.210002,69.350004,70.940002,5494000,25.135641
2005-03-03,72.100001,74.81000300000001,71.750002,73.010002,7563600,25.869089000000002
2005-03-04,73.26,74.340001,72.33000600000001,73.650003,5228900,26.095855
2005-03-07,72.950005,73.230006,72.020002,72.88000699999999,3925000,25.823028
2005-03-08,74.500007,74.890002,73.100002,73.310005,4906900,26.086344
2005-03-09,74.29000400000001,74.700001,70.880004,71.000007,7594900,25.264363
2005-03-10,71.01,71.01,69.010006,70.510003,6815000,25.090002
2005-03-11,70.510003,72.35000699999999,70.10000699999999,71.300002,5379000,25.371112
2005-03-14,72.15000500000001,72.60000600000001,70.27000600000001,72.40000400000001,5819100,25.762532999999998
2005-03-15,72.0,72.9,70.660001,70.680002,4756700,25.150494000000002
2005-03-16,70.690003,72.190001,69.810005,71.000007,4360300,25.264363
2005-03-17,71.51000400000001,72.890007,71.46,72.76000400000001,5097800,25.890634
2005-03-18,72.76000400000001,74.090002,72.60000600000001,74.020004,6955100,26.338987
2005-03-21,73.870007,73.990001,72.0,72.620007,5776000,25.840818
2005-03-22,72.60000600000001,73.17,71.110001,71.170006,5291200,25.324855
2005-03-23,71.170006,71.170006,68.270004,68.870001,9394600,24.506429999999998
2005-03-24,69.950001,70.600003,68.730005,69.800004,5288900,24.837359
2005-03-28,70.600003,70.600003,67.85000600000001,69.230001,4132500,24.634531
2005-03-29,70.120001,70.83,68.30000600000001,68.41,4073100,24.342745999999998
2005-03-30,68.66000600000001,69.500001,67.000003,69.500001,5511900,24.730607
2005-03-31,70.600003,71.600004,70.220001,71.170006,6031700,25.324855
2005-04-01,73.750004,73.860006,72.500005,73.640002,5807800,26.203769
2005-04-04,74.010003,74.760006,73.100002,73.640002,7651100,26.203769
2005-04-05,73.44,74.440002,72.620007,73.090001,5252300,26.008059
2005-04-06,73.340007,74.950007,72.69000600000001,74.160001,5120800,26.388803000000003
2005-04-07,74.600008,74.890002,72.09,73.020003,6596900,25.983151
2005-04-08,73.020003,73.84000400000001,72.18,72.220004,5070300,25.698482000000002
2005-04-11,72.220004,73.250007,71.500004,72.770005,6916100,25.894192
2005-04-12,72.770005,73.08,71.000007,71.67000300000001,4507200,25.502772
2005-04-13,71.67000300000001,72.40000400000001,68.390006,68.580007,9120400,24.40324
2005-04-14,69.21000699999999,69.90000500000001,68.060001,68.53000300000001,7566700,24.385447
2005-04-15,68.780001,68.810004,65.11000200000001,65.500005,8736900,23.307264
2005-04-18,65.000004,67.950007,64.37000400000001,67.85000600000001,7483200,24.143479
2005-04-19,68.210006,69.880003,68.160002,69.760001,7411100,24.823124
2005-04-20,69.70000300000001,71.450007,68.750006,68.760007,7978800,24.467291
2005-04-21,69.430003,71.220003,68.90000400000001,71.220003,5642600,25.342646
2005-04-22,71.28,72.530007,70.400002,71.470001,4387400,25.431604
2005-04-25,73.250007,74.230007,72.550001,73.390004,5765500,26.114810000000002
2005-04-26,73.550002,74.100003,71.920001,71.920001,5431900,25.59173
2005-04-27,70.95000300000001,71.240004,69.270005,69.54000500000001,7105100,24.744842000000002
2005-04-28,69.04,69.050001,67.110004,67.300005,10130900,23.947769
2005-04-29,69.600002,69.780002,67.81000300000001,69.000005,8871500,24.55269
2005-05-02,69.02000699999999,70.090006,68.440003,70.000006,4367200,24.908527
2005-05-03,70.10000699999999,70.260005,68.30000600000001,68.330001,6260900,24.314279
2005-05-04,68.85000699999999,69.13,67.51,68.89000300000001,5494000,24.513548
2005-05-05,69.500001,70.390001,69.090005,70.02000799999999,3409400,24.915644
2005-05-06,71.000007,71.450007,70.320002,70.450006,4324900,25.068653
2005-05-09,71.120002,71.15000400000001,70.430004,70.700004,5311900,25.157612
2005-05-10,70.010007,70.800005,68.790002,68.97000200000001,4437000,24.542014
2005-05-11,68.980003,70.600003,68.97000200000001,70.46000699999999,7045100,25.072212
2005-05-12,70.46000699999999,70.47,67.57000500000001,67.700001,6522200,24.090101999999998
2005-05-13,67.900003,68.270004,65.500005,66.250004,6312800,23.574141
2005-05-16,66.06000300000001,66.06000300000001,64.050004,65.90000500000001,8221100,23.449599
2005-05-17,65.40000400000001,67.29000400000001,65.350004,67.050007,3793900,23.858811
2005-05-18,67.58000600000001,68.40000699999999,66.56000300000001,67.000003,4814800,23.841017
2005-05-19,67.250001,68.120006,66.870007,68.120006,4904900,24.239555
2005-05-20,67.950007,68.74000600000001,67.390005,68.04000699999999,4525100,24.211089
2005-05-23,67.800002,69.67,67.800002,69.66000799999999,4856900,24.787543
2005-05-24,69.90000500000001,70.260005,69.200007,70.13000100000001,5048600,24.954784
2005-05-25,70.200008,71.73,69.760001,71.490003,5505700,25.438720999999997
2005-05-26,72.640001,73.210004,72.100001,72.69000600000001,4855300,25.865726000000002
2005-05-27,72.890007,73.85000500000001,72.71000699999999,73.52000799999999,3358100,26.161070000000002
2005-05-31,73.40000500000001,73.570004,72.550001,73.110003,4453900,26.015176
2005-06-01,73.810001,75.350003,73.640002,74.81000300000001,5323900,26.620096999999998
2005-06-02,74.700001,75.29000500000001,74.250001,74.720003,4788100,26.588071999999997
2005-06-03,74.77000699999999,75.640004,74.670006,75.420001,3721300,26.837157
2005-06-06,76.000005,76.150002,74.980002,75.37000400000001,4088500,26.819366
2005-06-07,75.000003,75.68,73.96000699999999,74.090002,5043600,26.363895
2005-06-08,73.780007,75.230008,72.800007,73.700008,5801000,26.335309000000002
2005-06-09,73.890001,75.720004,73.860006,75.510001,5979800,26.982076
2005-06-10,75.750006,76.090005,75.05000799999999,76.010005,3666300,27.160743
2005-06-13,75.700002,76.120007,75.200005,75.82000500000001,4120000,27.09285
2005-06-14,76.000005,76.750007,75.560005,76.730006,4010200,27.418021999999997
2005-06-15,76.650006,78.340005,75.89000300000001,78.340005,6018300,27.993325
2005-06-16,78.470001,79.120003,78.050003,79.120003,2836100,28.272042
2005-06-17,80.300004,80.650003,79.460001,80.13000500000001,5718700,28.632948
2005-06-20,80.52000699999999,80.88000699999999,79.660003,80.680006,4972000,28.82948
2005-06-21,80.680006,80.680006,78.520005,78.520005,4091700,28.057645
2005-06-22,79.490004,79.940004,77.810006,78.860003,5518200,28.179137
2005-06-23,79.35000699999999,80.990001,78.600004,79.11000200000001,3935200,28.268469
2005-06-24,79.500004,79.910001,78.500003,78.960004,3738900,28.21487
2005-06-27,79.060005,80.63000100000001,78.960004,80.33000600000001,3953500,28.704414
2005-06-28,80.20000300000001,80.20000300000001,78.15000400000001,78.970005,4703700,28.218444
2005-06-29,78.54000699999999,78.960004,77.35000500000001,77.670001,5863100,27.753912
2005-06-30,78.250005,78.300002,76.800004,76.93000699999999,6931800,27.489489000000003
2005-07-01,77.500002,79.76000400000001,77.47000799999999,79.660003,3821400,28.465001
2005-07-05,80.900001,82.020005,80.27000100000001,81.980001,4149800,29.294009000000003
2005-07-06,82.150001,82.470005,79.700006,80.060006,4660600,28.607934999999998
2005-07-07,79.99000799999999,81.790001,78.490002,81.790001,5294100,29.226115999999998
2005-07-08,81.790001,82.220007,80.360001,81.000002,4778600,28.943825
2005-07-11,79.000008,81.440001,79.000008,81.230007,3581100,29.026013
2005-07-12,81.710001,82.620002,81.07,82.320008,3182400,29.415504
2005-07-13,82.140008,82.750006,81.200004,81.610001,3048600,29.161796000000002
2005-07-14,81.000002,81.910003,78.770003,79.420005,5801800,28.379243
2005-07-15,79.940004,80.290003,78.640008,78.80000600000001,5545500,28.157698
2005-07-18,78.500003,79.40000400000001,77.800005,79.000008,6012100,28.229165000000002
2005-07-19,79.000008,80.420006,78.710006,80.420006,4967000,28.736573999999997
2005-07-20,80.420006,80.750004,79.090008,80.620008,3599200,28.808040999999996
2005-07-21,80.620008,81.000002,79.020002,80.370002,3711100,28.718706
2005-07-22,80.000001,82.900003,80.000001,82.900003,6151300,29.622753999999997
2005-07-25,82.900003,83.860001,82.41000799999999,82.680008,4845900,29.544143
2005-07-26,82.780001,83.000004,82.01000400000001,82.440002,3822200,29.458382
2005-07-27,82.940007,83.320001,82.280004,83.310008,4793800,29.769262
2005-07-28,83.550005,83.910005,82.08000200000001,83.030007,4756900,29.669209000000002
2005-07-29,83.62000400000001,83.630004,82.170002,82.280004,3574400,29.401209
2005-08-01,82.920005,83.430003,82.65000500000001,82.840006,3032400,29.601315999999997
2005-08-02,82.85000699999999,83.710004,82.66000600000001,83.430003,4209400,29.812140000000003
2005-08-03,83.430003,83.550005,82.600001,83.300007,4539100,29.765688
2005-08-04,82.800003,83.750007,82.520002,82.840006,3965600,29.601315999999997
2005-08-05,83.10000500000001,83.10000500000001,80.970007,81.370003,4255100,29.076038
2005-08-08,82.750006,83.050001,82.100004,82.310007,4562200,29.411929999999998
2005-08-09,82.470005,82.760007,81.120005,81.57000500000001,4319200,29.147505
2005-08-10,81.840005,82.550004,81.610001,82.13000699999999,5118700,29.347610999999997
2005-08-11,82.990003,83.650006,82.260002,83.650006,5488600,29.890753999999998
2005-08-12,84.260005,84.260005,82.77000799999999,83.680001,4489500,29.901472
2005-08-15,83.300007,83.590001,82.340002,82.570006,2659100,29.504835999999997
2005-08-16,82.40000699999999,82.560005,80.710008,80.710008,3639200,28.840201
2005-08-17,80.8,81.34,78.54000699999999,78.720007,7054900,28.129110999999998
2005-08-18,78.400002,79.15000500000001,77.560008,78.87000400000001,5099100,28.182709999999997
2005-08-19,79.680004,79.750003,79.000008,79.23000400000001,4451400,28.311349
2005-08-22,80.290003,80.390004,78.80000600000001,79.560002,4112900,28.429268
2005-08-23,79.76000400000001,80.050005,78.620006,79.60000500000001,3290800,28.443562
2005-08-24,79.800007,80.33000600000001,79.120003,79.540008,4268000,28.422123
2005-08-25,79.650002,80.060006,79.180008,79.930003,2837500,28.561481
2005-08-26,79.60000500000001,80.050005,78.170006,78.170006,4317400,27.932578999999997
2005-08-29,80.250007,80.510006,79.060005,79.83000200000001,5844900,28.525746999999996
2005-08-30,80.650003,81.460003,80.390004,80.830003,6086300,28.883079
2005-08-31,81.300005,83.21000699999999,81.120005,83.030007,6951100,29.669209000000002
2005-09-01,83.730005,84.930008,83.02000600000001,84.800005,6339100,30.301684
2005-09-02,84.800005,85.340005,83.350004,84.370006,6285500,30.148032
2005-09-06,84.370006,85.000007,83.200006,84.110007,5443100,30.055127000000002
2005-09-07,84.010006,85.000007,83.280005,83.90000500000001,4142500,30.090987
2005-09-08,85.000007,85.000007,83.950001,84.770002,4677100,30.403015000000003
2005-09-09,85.520005,86.950004,85.51000400000001,86.940003,5481500,31.181292
2005-09-12,86.510005,86.52000600000001,84.500002,85.10000699999999,4523500,30.521371999999996
2005-09-13,84.10000600000001,85.47000799999999,84.040001,84.140002,3972700,30.177063
2005-09-14,84.55000600000001,85.90000699999999,84.320002,85.88000500000001,5128500,30.80112
2005-09-15,86.100001,86.52000600000001,84.830007,86.090008,5631100,30.876439
2005-09-16,86.250006,86.640001,85.700005,86.550001,5984800,31.041415999999998
2005-09-19,87.79000699999999,89.24000799999999,87.69000600000001,88.800001,4447400,31.848385999999998
2005-09-20,88.620001,88.990002,86.71000699999999,87.03000300000001,5120100,31.213571
2005-09-21,88.170001,88.950007,87.20000300000001,88.380004,5187700,31.697752
2005-09-22,88.780007,89.800002,85.38000799999999,87.460002,5631300,31.367790999999997
2005-09-23,87.420006,87.43000699999999,85.500003,85.930001,4640000,30.819052000000003
2005-09-26,85.240004,87.44000799999999,85.240004,87.360001,5268100,31.331925
2005-09-27,87.140005,87.40000400000001,86.430006,87.100002,3830600,31.238676
2005-09-28,87.20000300000001,87.700007,86.430006,86.99000799999999,5780800,31.199226
2005-09-29,87.050005,87.650003,86.480002,86.88000600000001,6206300,31.159774
2005-09-30,86.980007,87.280002,85.340005,85.43000500000001,6391600,30.639727
2005-10-03,86.220003,86.850003,84.850001,85.400002,6273800,30.628966
2005-10-04,85.250005,85.260006,81.25,81.420008,9707000,29.201528999999997
2005-10-05,82.200005,82.620002,79.03000300000001,79.280001,9660500,28.434009000000003
2005-10-06,77.690003,78.250005,75.310007,76.63000500000001,11754100,27.48358
2005-10-07,77.890005,78.100008,77.080005,77.590002,6326600,27.827886
2005-10-10,78.500003,78.51000400000001,76.000005,76.970003,9039300,27.605521999999997
2005-10-11,77.27000600000001,79.250006,77.140002,78.88000500000001,11617800,28.29055
2005-10-12,79.210003,79.300003,76.730006,76.950001,8503300,27.598347999999998
2005-10-13,76.200006,76.21000699999999,72.870006,74.980002,10616300,26.891802000000002
2005-10-14,73.20000300000001,74.140007,70.510003,72.730001,28218800,26.084832000000002
2005-10-17,73.60000699999999,75.620003,73.60000699999999,75.230008,12619200,26.981467
2005-10-18,75.240001,75.500008,71.200001,71.400003,11817300,25.607824
2005-10-19,72.0,73.650003,70.370007,73.550002,11553400,26.378928000000002
2005-10-20,72.9,73.48000400000001,68.800003,69.940001,12349300,25.08419
2005-10-21,69.950001,72.250006,69.300007,71.14000300000001,9103100,25.514575
2005-10-24,71.14000300000001,73.700008,70.700004,73.610008,6865300,26.400449
2005-10-25,73.760005,76.230001,73.340007,76.13,8287200,27.304252
2005-10-26,76.000005,78.400002,75.000003,75.600001,8425800,27.114165999999997
2005-10-27,75.95,76.94,74.600008,74.64000300000001,7530900,26.769859999999998
2005-10-28,74.630002,77.48,73.84000400000001,76.90000500000001,8099200,27.580416999999997
2005-10-31,77.670001,79.500004,77.330003,78.88000500000001,10078800,28.29055
2005-11-01,78.88000500000001,79.750003,78.670002,79.530007,6699600,28.523675
2005-11-02,79.940004,79.940004,78.700005,79.490004,7090600,28.509327000000003
2005-11-03,79.76000400000001,81.200004,79.76000400000001,80.810001,8234000,28.982747999999997
2005-11-04,80.810001,80.810001,77.86000200000001,78.80000600000001,8518100,28.261858
2005-11-07,78.80000600000001,78.80000600000001,76.450005,76.91000600000001,8623800,27.584003000000003
2005-11-08,76.800004,77.600003,76.450005,76.91000600000001,6026900,27.584003000000003
2005-11-09,77.10000699999999,77.980005,74.670006,76.140001,9830000,27.307839
2005-11-10,74.750005,75.000003,71.59000400000001,73.08,12439600,26.210361
2005-11-11,73.330007,74.21000500000001,72.780006,74.020004,6517900,26.547496000000002
2005-11-14,74.85000600000001,75.29000500000001,74.050007,74.410007,4944200,26.687371000000002
2005-11-15,74.010003,77.280007,74.010003,75.13000699999999,6998400,26.945602
2005-11-16,75.550004,76.690002,74.590007,76.450005,6854000,27.419023
2005-11-17,76.74000600000001,76.890004,75.120006,75.74000500000001,9514200,27.164378999999997
2005-11-18,75.750006,76.000005,74.32000699999999,75.05000799999999,8229700,26.916909999999998
2005-11-21,75.200005,76.63000500000001,75.100004,76.450005,9709300,27.419023
2005-11-22,77.35000500000001,79.200002,77.03,78.920001,7069900,28.304894
2005-11-23,78.920001,80.290003,78.250005,79.100001,6580600,28.369452000000003
2005-11-25,79.610006,79.980007,79.200002,79.96000500000001,1588400,28.677895
2005-11-28,79.750003,79.76000400000001,77.400001,78.08000600000001,11013300,28.003627
2005-11-29,78.750002,79.480003,78.410003,79.000008,10321200,28.333589
2005-11-30,79.000008,79.88000600000001,78.760003,79.300003,7817500,28.441183000000002
2005-12-01,80.000001,82.73000400000001,79.500004,82.510001,9251900,29.592458
2005-12-02,83.450004,83.450004,81.030005,81.960008,6127500,29.395202
2005-12-05,82.390006,84.10000600000001,82.250002,83.340003,6370300,29.890140999999996
2005-12-06,83.340003,84.610004,82.45000300000001,84.140002,6237800,30.177063
2005-12-07,84.450006,85.15000400000001,82.480006,82.600001,7825600,29.752031
2005-12-08,82.570006,83.780002,82.200005,83.46000500000001,6169800,30.061799
2005-12-09,82.750006,82.860008,81.32000699999999,81.840005,6125000,29.478284999999996
2005-12-12,82.81000300000001,83.420002,81.560004,82.640004,5763700,29.766440000000003
2005-12-13,83.000004,84.690003,82.940007,83.560006,7281900,30.097819
2005-12-14,83.200006,84.750008,83.200006,84.63000600000001,6474900,30.483226000000002
2005-12-15,84.65000699999999,84.800005,83.13000799999999,83.62000400000001,4748600,30.119429999999998
2005-12-16,83.720005,83.920006,80.85000500000001,80.85000500000001,8368900,29.121692
2005-12-19,80.85000500000001,82.190004,80.760005,81.600008,7252900,29.391839
2005-12-20,81.600008,83.13000799999999,81.600008,83.13000799999999,5092600,29.942936
2005-12-21,83.750007,84.480008,82.680008,83.26000400000001,5132800,29.989759999999997
2005-12-22,83.70000300000001,84.35000500000001,82.500008,83.080003,4815200,29.924925
2005-12-23,82.930006,83.10000500000001,80.650003,82.460004,4928800,29.701604999999997
2005-12-27,82.30000600000001,82.310007,79.180008,79.640001,5646800,28.685856
2005-12-28,80.24000600000001,81.170001,79.610006,80.580005,5118700,29.024440000000002
2005-12-29,80.310005,81.72000200000001,79.620007,79.76000400000001,4541400,28.72908
2005-12-30,79.300003,80.98,78.970005,79.88000600000001,4258400,28.772305
2006-01-03,82.500008,86.000008,81.890001,85.970005,10696300,30.965885999999998
2006-01-04,85.200008,85.530006,84.450006,84.950002,7019700,30.598487
2006-01-05,84.510003,84.730006,82.910004,84.000005,5750100,30.256303999999997
2006-01-06,85.250005,88.740004,85.190007,87.810001,9358600,31.628642
2006-01-09,88.810002,89.440002,88.000002,89.38000500000001,8383000,32.194148
2006-01-10,89.000003,91.91000600000001,88.93000500000001,90.90000400000001,8065400,32.741642999999996
2006-01-11,90.600002,91.200007,88.740004,90.47000600000001,8656100,32.58676
2006-01-12,90.670008,91.250004,87.60000600000001,87.820002,8012500,31.632244
2006-01-13,87.820002,90.10000500000001,87.000001,89.840006,5931400,32.359838
2006-01-17,91.600003,92.450006,90.70000300000001,92.190007,5788300,33.206294
2006-01-18,92.200008,92.200008,89.220007,89.940007,5548800,32.395857
2006-01-19,89.980002,91.600003,89.40000699999999,91.30000799999999,6263400,32.885721999999994
2006-01-20,91.980005,93.200001,90.300007,91.000005,8725900,32.777662
2006-01-23,91.010006,92.260006,90.200006,91.30000799999999,6677700,32.885721999999994
2006-01-24,90.50000899999999,91.940001,90.000004,90.600002,6642300,32.633583
2006-01-25,91.200007,91.410002,87.780006,89.340001,7942500,32.179739
2006-01-26,90.000004,90.190005,87.80000799999999,89.630003,7920600,32.284196
2006-01-27,90.09000400000001,92.250005,90.09000400000001,91.210008,4963400,32.853304
2006-01-30,92.000006,94.930003,91.950002,94.47000200000001,15728100,34.027535
2006-01-31,94.47000200000001,97.990004,94.300003,97.710003,10274700,35.194564
2006-02-01,97.710003,97.710003,93.580003,93.96000500000001,9157700,33.843837
2006-02-02,92.700005,93.63000799999999,90.83000600000001,92.10000699999999,8407600,33.173877000000005
2006-02-03,91.800005,92.660001,90.520002,91.450005,6147500,32.93975
2006-02-06,92.550007,94.940004,92.420004,93.99000799999999,6433000,33.854644
2006-02-07,93.000007,93.010008,89.100004,90.10000500000001,7112900,32.453488
2006-02-08,89.700001,90.14000899999999,87.500005,89.560005,7865800,32.258983
2006-02-09,89.81000300000001,91.250004,87.350008,87.770005,7953500,31.614236
2006-02-10,88.500006,89.65000500000001,86.200002,87.000001,8122800,31.336885
2006-02-13,88.500006,88.88000799999999,86.420005,87.510006,7363300,31.520584999999997
2006-02-14,86.11000200000001,88.560004,86.050004,87.300004,7081800,31.444944
2006-02-15,87.56000300000001,88.100003,85.370008,86.040003,10484300,30.991099
2006-02-16,86.480002,88.830004,86.480002,88.680006,9759500,31.942013
2006-02-17,90.000004,90.360004,89.170002,90.040008,7685500,32.431877
2006-02-21,92.000006,93.060005,91.170004,91.840008,6389500,33.080226
2006-02-22,91.390008,91.500002,89.930006,90.38000600000001,6565000,32.554342
2006-02-23,89.500008,91.730006,88.840005,90.000004,7350800,32.417468
2006-02-24,92.07000500000001,93.580003,91.610004,92.38000799999999,7957500,33.274731
2006-02-27,92.38000799999999,92.38000799999999,90.800003,90.810004,6685800,32.709225
2006-02-28,90.82000500000001,92.250005,90.21000699999999,91.54000500000001,8195300,32.972167
2006-03-01,91.830007,92.95000300000001,91.400001,92.640007,6445800,33.368381
2006-03-02,92.80000600000001,94.56000300000001,92.500003,94.280002,6663100,33.959098
2006-03-03,94.810009,95.950006,93.500004,95.000002,5926000,34.218437
2006-03-06,93.900008,94.40000400000001,91.400001,91.600003,7637200,32.993778000000006
2006-03-07,90.770009,92.02000799999999,90.300007,91.040009,7764300,32.792071
2006-03-08,90.000004,91.91000600000001,88.020004,90.180004,8379500,32.611255
2006-03-09,90.50000899999999,91.55000600000001,89.24000799999999,89.980002,5084900,32.538928999999996
2006-03-10,90.650006,90.70000300000001,89.250001,90.120007,6805700,32.589558000000004
2006-03-13,91.000005,92.610005,90.86000899999999,92.250005,4520800,33.359817
2006-03-14,92.250005,94.210003,91.350004,93.72000799999999,7093900,33.891405
2006-03-15,93.72000799999999,95.04000500000001,93.530007,94.550002,6803000,34.191551000000004
2006-03-16,94.56000300000001,95.390004,93.72000799999999,95.100003,6603700,34.390444
2006-03-17,96.050007,96.08000200000001,94.550002,95.08000899999999,5982900,34.383214
2006-03-20,94.700007,95.29000400000001,92.060004,92.420004,6264000,33.421292
2006-03-21,92.420004,93.790006,91.54000500000001,92.02000799999999,5595900,33.276644
2006-03-22,91.800005,94.250007,91.400001,92.490002,6253800,33.446606
2006-03-23,93.100008,95.540002,93.090007,94.11000200000001,6704800,34.032437
2006-03-24,93.910009,95.230006,93.320004,93.800007,6358000,33.920334999999994
2006-03-27,93.300002,94.76000400000001,93.000007,94.07000699999999,4926100,34.017973
2006-03-28,94.92000300000001,95.93000500000001,94.04000400000001,94.60000600000001,5191000,34.209634
2006-03-29,94.60000600000001,95.780007,94.200002,95.610008,4757900,34.574875
2006-03-30,94.500005,96.120005,94.210003,94.260008,7469200,34.086682
2006-03-31,92.910007,93.780005,92.14000300000001,92.650008,6694200,33.504468
2006-04-03,94.00000899999999,95.500006,93.420005,94.230005,6178800,34.075832
2006-04-04,93.59000400000001,95.820003,93.300002,95.610008,6177800,34.574875
2006-04-05,95.41000600000001,97.58000799999999,94.79000699999999,97.500008,7885600,35.258344
2006-04-06,97.90000400000001,98.450005,96.050007,97.010005,5205600,35.081146999999994
2006-04-07,96.900003,97.480007,94.640002,95.13000500000001,6284900,34.401294
2006-04-10,97.000004,97.86000899999999,96.37000400000001,96.500007,5493400,34.89672
2006-04-11,97.990004,98.370006,95.700008,96.030005,7169700,34.726756
2006-04-12,96.65000500000001,97.330001,95.870007,96.340009,4895900,34.838861
2006-04-13,96.350002,97.240001,95.730003,96.310006,4983000,34.828011
2006-04-17,99.010007,101.410005,98.22000899999999,101.250007,10253400,36.614434
2006-04-18,101.80000799999999,102.980009,101.260008,102.660004,7829700,37.124323
2006-04-19,102.48000400000001,103.780008,101.530008,102.470003,7366700,37.055614
2006-04-20,101.100009,102.610008,100.320004,102.260009,7654300,36.979675
2006-04-21,103.13000600000001,107.20000900000001,102.310005,107.01000800000001,9004500,38.697388000000004
2006-04-24,106.300009,106.380008,104.05000799999999,105.55000600000001,11352500,38.169416
2006-04-25,107.100008,108.10000900000001,103.190004,104.520002,9292300,37.796942
2006-04-26,104.95000800000001,106.29000800000001,99.680003,100.170006,10853200,36.22388
2006-04-27,99.500003,102.450002,97.000004,101.350008,10397000,36.650596
2006-04-28,102.85000500000001,103.360003,101.770005,102.740003,7077000,37.153252
2006-05-01,103.000003,105.160003,103.000003,104.290006,6413500,37.713770000000004
2006-05-02,105.050009,106.42000300000001,104.570006,106.42000300000001,5746200,38.484028
2006-05-03,106.42000300000001,106.42000300000001,104.10000500000001,105.420002,8252600,38.122403999999996
2006-05-04,105.000005,106.250004,102.64000300000001,103.860007,8750900,37.558271999999995
2006-05-05,104.450004,105.440004,103.57000500000001,104.47000600000001,6191900,37.778862
2006-05-08,104.40000699999999,104.41000799999999,102.210004,103.710002,4775000,37.504027
2006-05-09,103.300005,105.610003,103.090003,105.610003,5487700,38.191113
2006-05-10,104.78000899999999,107.67000300000001,104.53000300000001,107.130003,7385400,38.740781
2006-05-11,107.950004,108.52000600000001,105.880003,106.250004,6333400,38.422553
2006-05-12,105.500009,105.75000800000001,102.05000600000001,102.300004,7211000,36.994138
2006-05-15,99.280007,100.91000799999999,97.640005,99.15000400000001,10012100,35.855022
2006-05-16,97.000004,97.500008,95.15000699999999,96.970001,14467300,35.066681
2006-05-17,96.85000699999999,97.500008,92.000006,92.860003,10038000,33.580407
2006-05-18,92.840001,94.230005,92.120001,92.38000799999999,7496100,33.406828999999995
2006-05-19,90.90000400000001,94.450009,89.560005,94.060006,15112500,34.014357000000004
2006-05-22,92.200008,93.950004,90.000004,93.110001,10369500,33.670812
2006-05-23,95.900002,96.230007,93.200001,93.67000300000001,10406600,33.873321999999995
2006-05-24,92.500003,95.070008,91.160004,93.870005,12339700,33.945648
2006-05-25,96.25000899999999,99.250004,95.740004,97.870001,10293500,35.392143
2006-05-26,97.500008,98.18000500000001,97.000004,97.74000600000001,6966800,35.345133000000004
2006-05-30,99.000006,99.040002,96.280004,96.280004,7836600,34.817161
2006-05-31,96.280004,99.090006,96.280004,99.090006,9220600,35.833325
2006-06-01,98.750008,100.130003,97.480007,99.88000500000001,7710300,36.119008
2006-06-02,101.000008,101.180008,99.72000600000001,100.90000699999999,6972200,36.487865
2006-06-05,101.500005,101.860005,97.230008,97.400008,11092700,35.222181
2006-06-06,97.450004,99.180006,96.310006,98.150002,10827600,35.493398
2006-06-07,97.200006,97.21000699999999,94.200002,94.72000899999999,13719800,34.379124
2006-06-08,93.15000500000001,97.660007,91.700004,96.980002,14764500,35.199401
2006-06-09,97.230008,98.410002,95.40000500000001,96.930006,9178700,35.181253999999996
2006-06-12,97.080003,98.490009,95.620009,96.260002,9262300,34.938072999999996
2006-06-13,94.00000899999999,94.840003,91.90000500000001,92.10000699999999,14903500,33.428181
2006-06-14,91.840008,93.700006,91.240003,93.410004,9109500,33.903651
2006-06-15,94.270009,97.500008,94.050005,97.250002,8703800,35.297399
2006-06-16,96.750006,97.480007,95.000002,96.73000400000001,7174100,35.108663
2006-06-19,96.980002,96.980002,92.660001,92.890006,7630100,33.714915000000005
2006-06-20,93.420005,94.310004,92.27000600000001,92.330004,6391400,33.511659
2006-06-21,92.27000600000001,95.270002,91.940001,93.850003,7299600,34.063351000000004
2006-06-22,93.850003,95.230006,93.010008,94.750003,5428800,34.390011
2006-06-23,96.440002,97.920006,96.260002,96.710002,7071400,35.101403000000005
2006-06-26,97.300007,100.16000600000001,96.590007,100.000007,7092200,36.295527
2006-06-27,100.000007,100.97000600000001,98.530004,98.91000600000001,7338300,35.899906
2006-06-28,99.840009,102.090002,99.310002,101.580004,7180800,36.868996
2006-06-29,102.450002,103.540003,101.670004,102.250008,9313800,37.112177
2006-06-30,102.510007,103.620002,102.49000500000001,102.550003,6065800,37.221061999999996
2006-07-03,102.550003,104.90000400000001,102.550003,104.590008,2257500,37.961492
2006-07-05,103.000003,105.000005,101.160007,104.810004,8564600,38.041340999999996
2006-07-06,104.560006,105.47000700000001,102.96000699999999,103.780008,7168900,37.667499
2006-07-07,104.40000699999999,104.880002,102.070008,102.620009,6374100,37.246471
2006-07-10,102.620009,104.020005,101.860005,102.92000300000001,4342600,37.355354999999996
2006-07-11,103.140007,104.000004,101.33000600000001,102.000002,7354200,37.021436
2006-07-12,102.60000699999999,104.000004,102.36000200000001,103.170002,7137400,37.446094
2006-07-13,103.500007,104.010005,102.13000500000001,102.40000500000001,6321100,37.166619
2006-07-14,103.030005,103.720003,101.050005,103.140007,6580600,37.435207
2006-07-17,101.450008,102.230006,98.440004,98.98000400000001,7760800,35.925312
2006-07-18,99.75000899999999,100.90000699999999,98.270005,100.15000500000001,7291700,36.34997
2006-07-19,100.300002,101.200002,98.790003,100.890007,6935500,36.618557
2006-07-20,100.55000799999999,101.33000600000001,99.500003,99.500003,5999200,36.114048
2006-07-21,100.140004,101.83000200000001,99.38000799999999,99.560008,6931300,36.135827
2006-07-24,100.500004,103.65000500000001,99.780004,103.340009,6736500,37.507799
2006-07-25,103.800002,104.33000899999999,102.750004,104.000004,6672300,37.747347
2006-07-26,103.500007,107.470009,103.390005,106.57000900000001,9507200,38.680144
2006-07-27,108.10000900000001,108.950005,106.000006,106.67001,7126000,38.716440000000006
2006-07-28,105.99000500000001,107.35000600000001,104.980003,106.600003,5038200,38.691031
2006-07-31,106.72000600000001,108.410005,106.230002,107.750002,4873800,39.108429
2006-08-01,107.65000900000001,108.650002,107.040003,107.780005,4598300,39.119318
2006-08-02,109.000009,110.89001,107.190008,107.680004,6338900,39.083022
2006-08-03,105.85000900000001,107.80000600000001,105.790003,106.940002,5573800,38.814434999999996
2006-08-04,106.510003,107.690005,104.05000799999999,105.240002,6254900,38.197410999999995
2006-08-07,105.90000500000001,108.11000200000001,105.40000800000001,107.29000900000001,5701400,38.941472
2006-08-08,107.00000700000001,107.300002,105.20000700000001,105.420002,5900000,38.262743
2006-08-09,106.390009,108.32000500000001,105.59000900000001,106.34000400000001,6087300,38.596663
2006-08-10,105.40000800000001,106.000006,104.650006,105.68000900000001,5189500,38.357114
2006-08-11,105.430003,105.710004,104.310007,105.18000500000001,3923100,38.175635
2006-08-14,104.10000500000001,104.49000699999999,102.05000600000001,102.390004,6232600,37.162989
2006-08-15,103.000003,104.000004,101.950005,103.81000300000001,4831100,37.678385
2006-08-16,52.200004,52.500002,51.120003000000004,51.390003,3362800,37.304543
2006-08-17,51.390003,51.870002,50.870001,51.410001,4076000,37.31906
2006-08-18,51.750004,52.52000400000001,51.250003,52.420003,3476600,38.052231
2006-08-21,53.000003,53.280004000000005,52.500002,52.870003000000004,2948600,38.378890000000006
2006-08-22,52.88000400000001,53.320003,52.660005000000005,53.300002,2267700,38.691031
2006-08-23,53.300002,53.490003,52.070004,52.350001,2164700,38.001415
2006-08-24,52.550003000000004,52.900002,52.100003,52.810002000000004,2209000,38.335335
2006-08-25,52.950003,53.750002,52.750005,53.410003,3876500,38.770882
2006-08-28,52.410002,53.29000500000001,52.380004,52.630002000000005,3035800,38.204671000000005
2006-08-29,52.640003,52.640003,51.820002,52.540002,3158700,38.139339
2006-08-30,52.550003000000004,52.940002,51.070003,51.780002,4231600,37.587647
2006-08-31,51.580003999999995,51.750004,50.720003999999996,50.990004,3795700,37.014179
2006-09-01,51.490004,51.500001,50.750002,51.480004,2351400,37.369875
2006-09-05,51.290003000000006,51.900001,50.800003000000004,51.070003,4116100,37.072251
2006-09-06,49.900003000000005,50.280004999999996,47.600002,47.780002,7058500,34.834061
2006-09-07,47.610003000000006,48.170004999999996,46.750002,47.830002,6537700,34.870514
2006-09-08,48.030004,48.460002,46.710002,46.790002,5194000,34.112301
2006-09-11,46.050004,46.420001,45.010003000000005,45.870003999999994,8128200,33.441575
2006-09-12,45.600004,46.380001,45.600004,45.600004,6668000,33.244731
2006-09-13,45.88,46.500004,45.840001,45.900002,7123100,33.463446000000005
2006-09-14,46.190003999999995,46.490003,44.300004,44.480004,9043600,32.428194
2006-09-15,44.480004,44.680002,44.010002,44.050001,8240500,32.114701000000004
2006-09-18,44.220001,46.110001000000004,44.190002,45.850002,8901400,33.426992999999996
2006-09-19,45.800001,46.050004,44.830003000000005,45.080001,8271500,32.865623
2006-09-20,44.650003000000005,45.340004,44.330002,44.380003,8582000,32.355288
2006-09-21,44.400001,45.670002000000004,44.380003,45.500003,6147200,33.171825
2006-09-22,45.570001,45.79,44.900001,45.230003,6259900,32.974982000000004
2006-09-25,44.980004,45.940002,44.050001,45.470003999999996,8273400,33.149955
2006-09-26,45.110003999999996,46.710002,45.010003000000005,46.650001,7882000,34.010233
2006-09-27,47.000004,47.750003,46.410004,47.650002,7198100,34.739284999999995
2006-09-28,48.000001,48.720002,47.550001,47.570003,7407900,34.680960999999996
2006-09-29,47.470002,48.230002,47.090004,48.110003000000006,5498600,35.074649
2006-10-02,48.000001,48.390004,47.160003,47.210003,4360600,34.418503
2006-10-03,45.770003,46.670003,44.890004,44.980004,8377400,32.79272
2006-10-04,45.000002,45.270002000000005,43.750003,44.750004,11243500,32.625038
2006-10-05,45.570001,46.350002,44.850001,45.660001,7755200,33.288472
2006-10-06,45.050003000000004,45.830003999999995,44.580001,45.590003,6728500,33.23744
2006-10-09,46.050004,46.310003,44.960003,45.090002,4591000,32.872914
2006-10-10,44.840004,46.070001,44.630001,45.560004,5516400,33.215569
2006-10-11,45.220002,45.330003000000005,44.570004,44.660004,5977400,32.559422999999995
2006-10-12,44.780002,45.360002,44.700003,45.170001,9195100,32.931238
2006-10-13,45.410003,46.910004,45.400002,46.670003,6262200,34.024815000000004
2006-10-16,46.440002,47.910001,46.310003,47.820001,5887100,34.863223
2006-10-17,47.950001,47.960002,46.310003,46.380001,6221000,33.813389
2006-10-18,46.390002,47.870002,46.160001,46.330001,6538200,33.776936
2006-10-19,46.500004,48.030004,46.200001,47.870002,5207700,34.899676
2006-10-20,47.880003,47.880003,46.670003,47.020002000000005,5222100,34.279983
2006-10-23,45.510003999999995,46.540003000000006,45.210001,46.390002,8003800,33.820679999999996
2006-10-24,46.040003000000006,47.710004,45.780004,47.620003999999994,5548700,34.717414
2006-10-25,47.300003000000004,49.110003999999996,47.300003000000004,48.930004,5865500,35.672472
2006-10-26,49.700001,49.900003000000005,47.810004,48.010002,5468800,35.001743
2006-10-27,47.890004,48.540002,47.490004,47.680001000000004,4600700,34.761156
2006-10-30,47.510002,47.520003,46.110001000000004,46.330001,5211200,33.776936
2006-10-31,46.330001,46.990003,45.440001,46.940003000000004,6388900,34.221659
2006-11-01,46.520002000000005,47.320001,45.850002,46.280004,4344800,33.740486
2006-11-02,46.010003999999995,47.170003,45.7,46.690001,5529100,34.039395
2006-11-03,47.330002,47.710004,46.780001,47.260003000000005,4590200,34.454956
2006-11-06,47.050001,48.570004,46.860003999999996,48.530001,5526900,35.380849
2006-11-07,48.510003000000005,48.620001,47.390003,47.630004,5795600,34.724706
2006-11-08,47.590001,49.150003999999996,47.520003,48.980001,5715500,35.708921999999994
2006-11-09,49.330003999999995,49.980002,48.870003000000004,49.060004,5495800,35.767247999999995
2006-11-10,49.070001,49.070001,48.380003,48.650003000000005,4714600,35.468337
2006-11-13,48.650003000000005,48.740003,47.820001,48.160004,3880500,35.111102
2006-11-14,48.500002,48.550002,47.730001,48.200003,3525500,35.140264
2006-11-15,48.680002,48.830003000000005,47.990005,48.670001,4683600,35.482915999999996
2006-11-16,49.250001,49.250001,47.200002000000005,47.210003,5394300,34.418503
2006-11-17,46.770004,47.720003999999996,46.500004,47.490004,5544600,34.622638
2006-11-20,46.710002,47.800004,45.840001,47.140001,3803400,34.367468
2006-11-21,47.500001,48.630002000000005,47.170003,48.530001,5493900,35.380849
2006-11-22,48.540002,48.640002,47.410001,47.920002000000004,3749900,34.936129
2006-11-24,48.000001,48.550002,47.940003999999995,47.940003999999995,2572400,34.950711
2006-11-27,48.570004,48.600003,47.600002,47.850004,5987800,34.885096000000004
2006-11-28,47.950001,48.950002000000005,47.910001,48.170004999999996,4903600,35.118393
2006-11-29,48.400001,50.160002,48.320002,50.010005,7169800,36.459846999999996
2006-11-30,49.550004,50.700002000000005,49.550004,50.340002,7085200,36.700432
2006-12-01,50.000004,50.420001,49.210001,50.410004,4200800,36.751467
2006-12-04,49.860003000000006,50.000004,49.170002000000004,49.920004,4024800,36.394233
2006-12-05,50.220003000000005,50.750002,49.710002,50.580003000000005,4185600,36.875405
2006-12-06,50.360003999999996,50.950004,50.080003000000005,50.120002,3906300,36.699666
2006-12-07,50.270004,50.480002,49.380004,49.380004,3598800,36.157812
2006-12-08,49.990003,50.160002,49.390001,49.510003999999995,3909800,36.253003
2006-12-11,48.940001,49.710002,48.810002000000004,49.200004,3111800,36.02601
2006-12-12,49.370003000000004,49.870003999999994,48.930004,49.400002,4183600,36.172456
2006-12-13,50.090004,50.470002,49.480001,50.080003000000005,4397100,36.670376
2006-12-14,50.800003000000004,52.400002,50.450004,51.920003,7187900,38.01769
2006-12-15,51.920003,52.130001,51.240002000000004,51.920003,6112400,38.01769
2006-12-18,51.150002,51.270001,49.480001,49.700001,7954700,36.392125
2006-12-19,49.390001,50.320004,48.330003000000005,50.110001000000004,6439700,36.692343
2006-12-20,50.020001,50.210002,49.530002,49.920004,5613300,36.55322
2006-12-21,50.500004,50.670003,49.290003999999996,49.660001,4519700,36.362836
2006-12-22,49.750001,49.930001000000004,49.020004,49.130002000000005,3399900,35.974752
2006-12-26,48.880004,49.480001,48.040001000000004,48.670001,3740200,35.637923
2006-12-27,48.660004,49.570001,48.450002000000005,49.470003999999996,3303100,36.223714
2006-12-28,49.700001,49.750001,48.980001,49.220002,2832100,36.040653000000006
2006-12-29,49.000003,49.110003999999996,48.570004,48.830003000000005,2961300,35.755082
2007-01-03,48.830003000000005,48.860002,46.500004,46.720003000000005,7127800,34.210064
2007-01-04,46.510001,46.510001,45.360002,45.760002,7746500,33.507117
2007-01-05,45.560004,45.850002,44.930004,45.450002000000005,9046600,33.280124
2007-01-08,46.010003999999995,46.190003999999995,44.930004,45.330003000000005,7183200,33.192256
2007-01-09,44.500002,44.640002,43.510001,43.660003,11539400,31.969421999999998
2007-01-10,43.100001,43.450004,42.060004,43.130003,14460400,31.581336999999998
2007-01-11,42.990003,44.240002000000004,42.920001,43.080003000000005,10538500,31.544725
2007-01-12,43.150001,44.600002,43.060001,44.400001,9553000,32.511275
2007-01-16,44.100002,44.340003,43.400003000000005,43.570003,6649300,31.903521
2007-01-17,43.820001,44.600002,43.32,44.010002,8269900,32.225704
2007-01-18,44.350004,44.760001,43.430002,43.610002,8408000,31.932809999999996
2007-01-19,44.450001,44.920003,43.850004,44.750004,9510000,32.767559999999996
2007-01-22,45.420003,45.480001,43.810004,43.810004,9149000,32.079258
2007-01-23,44.250003,45.560004,44.140001,45.090002,7510800,33.016519
2007-01-24,45.7,46.330001,45.120001,46.200001,8404500,33.8293
2007-01-25,46.200001,46.420001,45.330003000000005,45.400002,7247400,33.243512
2007-01-26,45.560004,46.040003000000006,45.200004,45.640003,6818600,33.419249
2007-01-29,45.88,45.970001,44.990001,45.170001,7516700,33.075097
2007-01-30,45.270002000000005,46.090003,45.030001,45.850002,7775600,33.573018
2007-01-31,45.850002,46.750002,45.600004,46.360003000000006,7284700,33.946459000000004
2007-02-01,46.480002,47.100001,46.310003,46.800002,10205900,34.268642
2007-02-02,47.400003999999996,47.490004,46.420001,47.290002,4436700,34.627438
2007-02-05,47.040003999999996,47.450004,46.490003,46.660002,5690100,34.166129
2007-02-06,46.970002,47.000004,46.480002,46.650001,4795800,34.158806
2007-02-07,46.660002,47.070003,46.420001,46.630003,6146900,34.144163
2007-02-08,46.720003000000005,47.550001,46.120002,47.230001,6304700,34.583503
2007-02-09,47.010001,47.440003000000004,46.400003000000005,46.520002000000005,4885400,34.063615999999996
2007-02-12,46.200001,46.280004,45.600004,45.990002000000004,6224300,33.675531
2007-02-13,46.060001,46.730004,46.060001,46.600001,4575100,34.122194
2007-02-14,46.730004,48.460002,46.670003,48.100002,12212600,35.220549
2007-02-15,48.100002,48.270001,47.130004,47.620003999999994,8474000,34.869077000000004
2007-02-16,47.600002,48.130001,47.400003999999996,47.520003,7169300,34.795852000000004
2007-02-20,47.120003000000004,47.500001,46.840002,47.150002,4555700,34.524924
2007-02-21,46.930002,48.070004,46.750002,47.770001,7015600,34.97891
2007-02-22,47.680001000000004,48.020003,47.080003000000005,48.000001,6586400,35.147325
2007-02-23,48.250004,48.600003,47.870002,48.250004,6148700,35.330385
2007-02-26,48.240003,48.750004,47.720003999999996,47.940003999999995,5362600,35.103393
2007-02-27,47.850004,47.850004,45.740004,46.290001000000004,9783500,33.895201
2007-02-28,46.200001,46.840002,45.830003999999995,46.120002,8128700,33.770722
2007-03-01,46.000003,46.940003000000004,45.500003,46.510001,8983600,34.056293
2007-03-02,46.310003,46.480002,45.590003,45.900002,8006500,33.609629999999996
2007-03-05,45.500003,45.970001,44.850001,45.150003000000005,6579200,33.060454
2007-03-06,45.630002000000005,45.930001000000004,45.350001,45.810002000000004,4600700,33.543729
2007-03-07,45.750001,47.180004,45.510003999999995,46.360003000000006,8072700,34.110269
2007-03-08,46.690001,46.840002,46.130003,46.330001,4641300,34.088194
2007-03-09,46.670003,46.810003,46.020001,46.330001,4898400,34.088194
2007-03-12,45.900002,46.280004,45.720002,45.870003999999994,5094600,33.749742
2007-03-13,45.760002,46.550004,45.480001,45.520004,8805200,33.492224
2007-03-14,45.960004,46.380001,45.320003,46.360003000000006,6706100,34.110269
2007-03-15,46.170002000000004,46.240001,45.810002000000004,45.860003000000006,4944900,33.742384
2007-03-16,45.980001,46.000003,45.330003000000005,45.750001,9066100,33.661448
2007-03-19,46.070001,46.400003000000005,45.770003,46.320004,4542200,34.080839000000005
2007-03-20,46.210002,46.790002,46.180003,46.720003000000005,4854700,34.375146
2007-03-21,46.800002,47.380002000000005,46.650001,47.130004,7399600,34.676812
2007-03-22,47.600002,48.350001,47.580003999999995,48.080005,8509000,35.375793
2007-03-23,48.100002,48.640002,48.100002,48.280002,6393800,35.522946000000005
2007-03-26,48.420003,48.820002,47.790003000000006,48.620001,4779200,35.773106
2007-03-27,48.630002000000005,49.160001,48.480004,48.980001,5667900,36.037983000000004
2007-03-28,49.320003,50.050004,49.300001,49.770003,9165000,36.619243
2007-03-29,50.240001,50.460004999999995,49.580002,50.300002,7291700,37.0092
2007-03-30,50.250002,50.260003000000005,49.250001,49.310002000000004,5810400,36.280788
2007-04-02,49.230003,49.820004,49.220002,49.580002,5461000,36.479446
2007-04-03,49.100003,49.880001,49.070001,49.670002000000004,4762400,36.545665
2007-04-04,49.670002000000004,50.360003999999996,49.120001,49.750001,6056800,36.604526
2007-04-05,49.730004,50.040003000000006,49.440002,49.950003,5563100,36.751681
2007-04-09,49.770003,50.400003000000005,49.490002000000004,49.680003,4525100,36.553022999999996
2007-04-10,49.900003000000005,50.600001,49.730004,50.340002,4396400,37.03863
2007-04-11,50.290001000000004,50.750002,49.530002,49.860003000000006,6065600,36.685462
2007-04-12,50.190005,51.200003,49.960004,51.130004,7860300,37.619890000000005
2007-04-13,52.800001,52.810002000000004,50.830002,51.270001,5208700,37.722895
2007-04-16,51.470003000000005,51.500001,50.780001,51.440003999999995,4442500,37.847978000000005
2007-04-17,51.500001,51.650003000000005,50.680004,50.950004,3392800,37.487451
2007-04-18,50.950004,51.350004,50.670003,51.120003000000004,4751800,37.612531
2007-04-19,51.110003000000006,51.110003000000006,50.100004999999996,50.250002,4246500,36.972411
2007-04-20,50.540003999999996,51.820002,50.540003999999996,51.710004,7597000,38.046636
2007-04-23,52.610004,52.610004,51.000001,51.450001,6076400,37.855333
2007-04-24,51.760003999999995,52.040001000000004,51.130004,51.440003999999995,5483100,37.847978000000005
2007-04-25,51.990001,52.600003,51.690002,52.190003000000004,4838300,38.399803999999996
2007-04-26,50.640005,51.990001,49.750001,51.190002,5784900,37.664034
2007-04-27,51.010002,51.490004,50.520002000000005,51.170004,5151800,37.64932
2007-04-30,51.180001000000004,51.850004,50.620003000000004,50.700002000000005,5803400,37.303507
2007-05-01,50.710003,50.960001,50.250002,50.760003000000005,3904100,37.347654
2007-05-02,50.980003,51.550002,50.850003,51.320001,3656100,37.759684
2007-05-03,51.320001,52.150003000000005,51.120003000000004,51.860001000000004,4413700,38.156999
2007-05-04,51.920003,52.490002000000004,51.240002000000004,51.650003000000005,5302200,38.002489000000004
2007-05-07,51.190002,51.650003000000005,51.010002,51.500001,3754200,37.892122
2007-05-08,51.310004,51.380003,50.560002000000004,51.120003000000004,4297400,37.612531
2007-05-09,51.160003,51.410001,50.420001,51.250003,4507000,37.708181
2007-05-10,51.490004,51.500001,50.280004999999996,50.480002,5063400,37.141638
2007-05-11,50.750002,52.100003,50.750002,51.930004,6071300,38.208505
2007-05-14,51.930004,52.280003,51.500001,51.850004,6501900,38.149644
2007-05-15,51.850004,52.790004,51.650003000000005,52.330003000000005,6266100,38.502812
2007-05-16,52.450002000000005,53.170002000000004,52.050002,53.000003,5135900,38.995777000000004
2007-05-17,53.250001,54.280001,52.690003000000004,53.990003,5166200,39.724189
2007-05-18,53.350002,54.930003,53.350002,54.670004000000006,7733700,40.224513
2007-05-21,54.550001,55.180001000000004,54.300003000000004,54.790002,6112600,40.312804
2007-05-22,54.920002000000004,55.310005000000004,54.470002,54.520002000000005,4662600,40.114146000000005
2007-05-23,54.690002,55.110003000000006,54.27000400000001,54.610002,6843600,40.180366
2007-05-24,54.300003000000004,54.960002,53.710002,53.930002,6467400,39.680042
2007-05-25,54.550001,55.070003,54.420002000000004,54.960002,4264800,40.437884000000004
2007-05-29,54.530003,54.530003,53.710002,54.070002,4465400,39.78305
2007-05-30,54.080003000000005,55.230002,53.640004000000005,55.090001,4799900,40.533534
2007-05-31,55.000001,55.660004,54.730001,54.970003000000005,6219800,40.445243
2007-06-01,55.660004,56.760002,55.300004,56.330004,6819000,41.445890000000006
2007-06-04,56.420004000000006,58.980004,56.330004,58.380002000000005,9060600,42.954215999999995
2007-06-05,58.300003000000004,58.490004000000006,57.720004,58.310004000000006,6052200,42.902714
2007-06-06,58.100001,58.100001,57.260003000000005,57.650001,7185100,42.577745
2007-06-07,57.000003,58.210003,56.660001,56.670002000000004,7117200,41.853961
2007-06-08,56.600004000000006,56.990003,55.930004000000004,56.940002,4283700,42.053371000000006
2007-06-11,56.760002,57.700002000000005,56.480001,57.000003,4148900,42.097685
2007-06-12,56.800002,57.400003000000005,56.260001,56.590003,5084800,41.794877
2007-06-13,56.650004,57.800003000000004,56.650004,57.700002000000005,5000100,42.614672999999996
2007-06-14,58.000005,59.210004000000005,57.880002000000005,58.730002,6977900,43.375384999999994
2007-06-15,59.190003000000004,59.460003,58.980004,59.310001,4385100,43.803746999999994
2007-06-18,59.350005,59.730003,59.250004000000004,59.38000400000001,3764800,43.855447999999996
2007-06-19,59.390004000000005,59.440005000000006,58.730002,59.100003,4975700,43.648652
2007-06-20,58.400004,58.740002000000004,56.97000500000001,57.110001000000004,7737600,42.178925
2007-06-21,57.980003,58.640002,57.550004,58.520003,5651000,43.220290000000006
2007-06-22,58.800004,59.130001,58.000005,58.800004,8388400,43.427085999999996
2007-06-25,58.300003000000004,58.570003,57.370004,57.730004,6120400,42.636832
2007-06-26,57.850003,58.160003,55.570004000000004,55.890004000000005,8812500,41.277889
2007-06-27,55.360001000000004,57.040003000000006,54.470002,56.810002000000004,8188400,41.957359000000004
2007-06-28,57.200001,57.920001,57.100004000000006,57.280004000000005,5568600,42.304481
2007-06-29,57.960005,58.770001,57.480002,57.880002000000005,5987700,42.747613
2007-07-02,58.490004000000006,58.72000500000001,58.000005,58.72000500000001,4187600,43.368002000000004
2007-07-03,58.840003,59.200003,58.72000500000001,58.800004,2029500,43.427085999999996
2007-07-05,58.680001000000004,59.770002000000005,58.550002,59.460003,4868200,43.914532
2007-07-06,60.050003000000004,60.060004000000006,59.340004,59.770002000000005,3935400,44.143484
2007-07-09,59.980005000000006,61.050004,59.580001,60.640004000000005,5813400,44.786029
2007-07-10,60.200005000000004,60.750002,59.750004000000004,59.790004,5278600,44.158256
2007-07-11,59.660004,59.960003,59.300004,59.710005,5213600,44.099171999999996
2007-07-12,60.980002,61.920002000000004,59.710005,61.750003,6478900,45.605825
2007-07-13,61.650002,64.280004,61.560002000000004,63.600004000000006,7500300,46.972153999999996
2007-07-16,63.600004000000006,63.600004000000006,60.780004000000005,61.540004,6865500,45.450728999999995
2007-07-17,62.120004,62.740003,60.170002000000004,60.270003,8206800,44.512762
2007-07-18,60.300001,62.200003,60.000003,61.930003,7230100,45.738765
2007-07-19,62.58000500000001,62.600002,61.930003,62.240002000000004,5294200,45.967717
2007-07-20,61.980003,62.640002,61.460005,62.100002,6277300,45.864319
2007-07-23,62.650003000000005,62.690002,60.65000500000001,61.370005000000006,5219200,45.325175
2007-07-24,60.750002,60.990003,58.570003,59.170005,6609800,43.700352
2007-07-25,59.750004000000004,60.860003000000006,57.720004,60.720003000000005,7520000,44.845112
2007-07-26,59.800005000000006,60.250005,56.750001,58.170004000000006,10880600,42.961796
2007-07-27,58.220004,58.270005000000005,55.88000400000001,56.900003000000005,9526500,42.023829
2007-07-30,57.620003000000004,57.750002,56.150004,57.410004,7047800,42.400493
2007-07-31,58.000005,58.640002,56.580002,56.720002,7248900,41.890889
2007-08-01,57.000003,58.220004,55.660004,57.210002,9319900,42.252781
2007-08-02,57.440003000000004,57.580003000000005,55.950002000000005,56.97000500000001,7374700,42.075528999999996
2007-08-03,58.160003,58.160003,55.250003,55.260004,8360400,40.812599
2007-08-06,55.270001,55.440004,53.260002,54.290002,11167600,40.096198
2007-08-07,54.290002,56.100003,53.510004,55.350004000000006,7846800,40.879069
2007-08-08,56.090002,57.300002,55.430004000000004,56.360002,6484100,41.625009000000006
2007-08-09,55.000001,55.790004,54.000004000000004,54.600002,8022100,40.32515
2007-08-10,54.020002000000005,56.050003000000004,53.500004000000004,55.640002,7239900,41.093247999999996
2007-08-13,56.060004000000006,56.640003,55.500002,55.600003,3871300,41.063705999999996
2007-08-14,56.440002,56.500003,55.150003000000005,55.240003,5970700,40.797826
2007-08-15,55.500002,56.150004,53.95000400000001,54.180004000000004,6122000,40.014958
2007-08-16,53.100004000000006,53.380005000000004,50.660002,53.100004000000006,11832100,39.217318
2007-08-17,54.890003,55.100002,52.870003000000004,54.330001,8260200,40.12574
2007-08-20,53.830001,55.52000400000001,53.590004,55.04000500000001,5570000,40.650117
2007-08-21,54.750003,55.490005000000004,53.810003,54.560002000000004,4623600,40.295608
2007-08-22,54.980003,55.800004,54.240001,54.950005000000004,5690600,40.583647
2007-08-23,55.060003,56.240004000000006,54.420002000000004,55.060003,4186400,40.664885999999996
2007-08-24,55.250003,56.900003000000005,55.190002,56.730003,4269000,41.898275
2007-08-27,56.450002000000005,56.910003,56.000002,56.360002,2714000,41.625009000000006
2007-08-28,55.960003,56.350002,54.600002,54.680005,6772100,40.384236
2007-08-29,55.550002,56.490002000000004,54.86000500000001,56.240004000000006,7688900,41.536383
2007-08-30,56.240004000000006,57.000003,55.550002,56.38000400000001,3577100,41.639781
2007-08-31,57.140004000000005,57.610002,56.600004000000006,56.690004,3590100,41.868733
2007-09-04,56.700005000000004,58.560002000000004,56.600004000000006,58.020002000000005,5246400,42.851011
2007-09-05,57.660002,58.500005,57.530003,58.370002,5647000,43.109505
2007-09-06,59.020003,59.790004,58.580004,59.100003,5516200,43.836403000000004
2007-09-07,58.320005,59.70000400000001,58.210003,59.030004000000005,5981400,43.784483
2007-09-10,58.520003,59.38000400000001,56.860003000000006,58.680001000000004,5878700,43.524874
2007-09-11,59.000002,59.930005,58.030003,59.900002,5575400,44.429788
2007-09-12,59.70000400000001,61.590004,59.680002,60.850003,8789400,45.134434999999996
2007-09-13,60.840002,62.590002,60.61000500000001,62.100002,5663800,46.0616
2007-09-14,61.460005,62.130005000000004,60.770003,61.110002,5421500,45.327284999999996
2007-09-17,60.950003,61.500004000000004,60.660002,61.030003,4312400,45.267947
2007-09-18,61.030003,64.110005,60.820004000000004,63.770003,7062000,47.300294
2007-09-19,64.270003,65.860005,64.15000500000001,64.29000500000001,6869200,47.685997
2007-09-20,64.120002,64.390002,63.490002000000004,63.880005000000004,4978200,47.381886
2007-09-21,64.65000500000001,64.870005,63.880005000000004,64.410004,5052700,47.775003999999996
2007-09-24,63.990002000000004,64.330005,63.310002000000004,63.690004,6033900,47.240956
2007-09-25,63.070004000000004,63.180002,62.340003,62.940005000000006,5133300,46.684658
2007-09-26,63.540002,64.040003,62.940005000000006,63.870004,9081500,47.374468
2007-09-27,64.300002,65.140005,63.960004000000005,64.700002,7255000,47.990105
2007-09-28,64.790002,65.39000300000001,63.670002000000004,64.08000200000001,4850100,47.530231
2007-10-01,64.120002,66.250004,64.020005,66.150003,7807100,49.065618
2007-10-02,65.950005,66.070004,64.59000400000001,65.260003,6273300,48.405477000000005
2007-10-03,64.820004,64.97000200000001,63.600004000000006,64.100004,5598000,47.545066999999996
2007-10-04,64.000003,66.210004,63.290004,65.83000200000001,10513500,48.828263
2007-10-05,66.210004,66.640002,65.810004,66.410002,5494600,49.258468
2007-10-08,65.350004,65.98000400000001,64.900003,65.17000300000001,4371900,48.338721
2007-10-09,65.340003,67.000003,65.10000500000001,66.900002,4628800,49.621916999999996
2007-10-10,66.010002,67.480005,65.880003,67.190003,3664900,49.837021
2007-10-11,67.790001,70.000006,67.050007,67.760006,7172800,50.259809999999995
2007-10-12,68.260003,69.530004,67.860007,69.21000699999999,4352700,51.335324
2007-10-15,70.000006,70.56,68.910005,69.120007,7202400,51.268568
2007-10-16,69.120007,71.000007,68.570006,70.640007,8446500,52.396001
2007-10-17,71.44000600000001,71.490003,69.280006,69.790003,5914400,51.765525
2007-10-18,69.800004,70.370007,69.470007,70.140002,5455300,52.025131
2007-10-19,69.70000300000001,69.850001,66.42000300000001,66.710001,8525000,49.480987
2007-10-22,64.120002,65.76000400000001,64.040003,65.200002,7151900,48.360972
2007-10-23,66.670005,67.550004,65.510002,66.750004,5943800,49.510659000000004
2007-10-24,66.080005,68.070002,66.030004,67.830005,8438800,50.31173
2007-10-25,68.30000600000001,69.810005,67.69,69.050001,6524100,51.216642
2007-10-26,69.98000400000001,71.420004,69.930008,70.770003,7683200,52.492422999999995
2007-10-29,71.200001,71.420004,70.010007,70.230002,6459500,52.091887
2007-10-30,69.530004,69.680001,66.640002,66.800001,7477400,49.547743
2007-10-31,67.37000400000001,69.500001,66.620005,69.050001,8333700,51.216642
2007-11-01,67.900003,69.000005,66.210004,66.760005,7398300,49.518077000000005
2007-11-02,67.500007,68.86,66.900002,68.74000600000001,9612300,50.986708
2007-11-05,68.670007,70.99000600000001,67.51,70.74,8416400,52.47016899999999
2007-11-06,70.99000600000001,73.92000300000001,70.840001,73.690007,21507500,54.658285
2007-11-07,73.900001,74.33000799999999,70.800005,70.880004,8417500,52.574015
2007-11-08,71.230003,72.960006,70.000006,71.920001,9448300,53.345414
2007-11-09,71.390002,72.890007,70.430004,70.78000300000001,8543600,52.499841
2007-11-12,70.180006,70.180006,66.950006,67.230007,8295000,49.866693
2007-11-13,67.93000500000001,68.29000500000001,65.740002,68.200005,8250500,50.586172
2007-11-14,68.960001,70.680002,68.220007,68.260003,4649000,50.630674
2007-11-15,67.85000600000001,68.38000600000001,65.310004,65.98000400000001,6783200,48.939524
2007-11-16,66.56000300000001,68.640005,66.460002,68.5,7410200,50.808688000000004
2007-11-19,68.66000600000001,69.460006,67.6,68.010005,6623800,50.445242
2007-11-20,68.260003,71.90000699999999,68.250002,71.300002,6977900,52.885541
2007-11-21,70.82000699999999,74.000002,70.000006,70.280007,9310000,52.128977
2007-11-23,70.890005,72.40000400000001,70.410002,72.100001,2470800,53.478926
2007-11-26,72.250006,72.920002,68.85000699999999,69.270005,7175900,51.379826
2007-11-27,68.83000600000001,68.870001,67.000003,68.520002,8998000,50.823524
2007-11-28,69.170004,70.10000699999999,67.200004,69.790003,9474000,51.765525
2007-11-29,69.780002,71.520005,69.340003,69.98000400000001,5538600,51.906455
2007-11-30,70.480001,70.760002,68.77,69.77000100000001,8155800,51.750689
2007-12-03,69.19000600000001,71.320004,69.19000600000001,70.550007,6080300,52.329245
2007-12-04,70.250004,70.390001,69.030007,69.360005,4698000,51.446582
2007-12-05,70.140002,71.950004,69.360005,70.300001,7082200,52.143807
2007-12-06,69.99000500000001,72.560002,69.49,72.54,6660400,53.997312
2007-12-07,72.490004,72.870006,71.490003,72.300003,4204900,53.818663
2007-12-10,72.260007,73.08,71.580003,72.0,4975900,53.595347
2007-12-11,72.260007,73.190002,69.500001,69.91000600000001,6611800,52.039597
2007-12-12,71.620006,73.500006,71.620006,72.460001,7282700,53.937762
2007-12-13,71.96000500000001,73.450001,71.660002,73.190002,5769900,54.481159999999996
2007-12-14,72.610006,72.650002,70.960003,71.000007,4527200,52.850972
2007-12-17,70.83,70.83,68.38000600000001,68.880002,4838500,51.272883
2007-12-18,69.520003,71.000007,69.170004,70.360006,5556500,52.374568
2007-12-19,71.59000400000001,72.40000400000001,70.750001,71.950004,5638300,53.558130000000006
2007-12-20,72.620007,72.780006,71.600004,72.660003,4519200,54.086639
2007-12-21,72.68000500000001,75.940007,72.68000500000001,75.830005,8052100,56.446325
2007-12-24,75.880002,76.890004,75.250002,76.790003,1497300,57.160928000000006
2007-12-26,78.280008,78.520005,76.650006,78.060004,3327500,58.106291000000006
2007-12-27,77.960003,78.810007,77.690003,78.030001,3377500,58.083957999999996
2007-12-28,79.250006,79.250006,77.83000799999999,78.100008,2414100,58.13606899999999
2007-12-31,77.600003,78.450007,76.830007,76.99000500000001,2748700,57.309805000000004
2008-01-02,78.040002,79.35000699999999,77.260005,78.35000600000001,5655100,58.322163
2008-01-03,78.450007,80.830003,78.35000600000001,80.510006,6185900,59.930023999999996
2008-01-04,79.980007,80.250007,77.550007,77.760001,6730100,57.882975
2008-01-07,78.000007,78.490002,74.700001,76.4,8286200,56.87061800000001
2008-01-08,76.93000699999999,77.78000300000001,74.230007,74.500007,8682000,55.456301
2008-01-09,74.740004,76.4,73.680006,75.910005,8831100,56.505875
2008-01-10,74.740004,74.950007,71.450007,73.000001,13468000,54.339727
2008-01-11,72.47000200000001,74.070001,71.82,72.72,9593300,54.1313
2008-01-14,73.230006,75.65000500000001,73.230006,75.350003,5581100,56.089020999999995
2008-01-15,74.28000300000001,74.300005,71.580003,71.980006,8023100,53.580464
2008-01-16,70.83,72.15000500000001,67.890002,70.070004,13533300,52.158697
2008-01-17,70.42000300000001,72.32000500000001,68.020005,68.150001,12385300,50.729485
2008-01-18,68.630004,70.410002,67.040006,68.04000699999999,10999000,50.647608
2008-01-22,63.590003,66.210004,63.010003000000005,65.160003,12038300,48.503791
2008-01-23,62.930004000000004,64.840002,60.700005000000004,64.570002,13257000,48.064606
2008-01-24,64.67000300000001,66.100002,63.97000500000001,65.650002,10605000,48.868536
2008-01-25,66.79,67.45000300000001,64.300002,64.81000300000001,9248200,48.243258000000004
2008-01-28,65.230005,65.230005,62.860002,64.570002,9778400,48.064606
2008-01-29,66.42000300000001,69.000005,64.73000400000001,68.49000699999999,10887100,50.982579
2008-01-30,68.95,70.590002,67.58000600000001,68.86,8034700,51.257994000000004
2008-01-31,67.640004,68.47000600000001,65.68000500000001,67.800002,8061200,50.468953000000006
2008-02-01,67.87,70.000006,67.070001,69.200007,8764300,51.511088
2008-02-04,69.22,70.040001,67.760006,69.240002,5962400,51.540859999999995
2008-02-05,68.160002,68.440003,66.630002,66.630002,6068000,49.598028
2008-02-06,67.22000600000001,67.620002,64.570002,64.840002,7287700,48.265589
2008-02-07,64.60000500000001,65.970003,63.460003,65.220004,8990400,48.548454
2008-02-08,64.990003,67.24,64.980003,66.680002,5664500,49.635247
2008-02-11,66.79,68.720004,65.520003,68.54000400000001,9095500,51.019795
2008-02-12,69.10000600000001,70.010007,67.52000100000001,68.210006,6813900,50.774152
2008-02-13,68.870001,70.240003,67.28000300000001,70.13000100000001,6823000,52.203357000000004
2008-02-14,70.290008,73.420007,70.290008,71.73,9199700,53.394364
2008-02-15,72.570003,72.590005,70.310002,71.720007,6725400,53.386926
2008-02-19,73.720001,75.85000699999999,73.05000600000001,75.060001,8092200,55.873149
2008-02-20,74.260002,76.290006,74.000002,76.150002,5296300,56.684523999999996
2008-02-21,76.300007,76.74000600000001,72.920002,73.090001,6862700,54.406721999999995
2008-02-22,73.53,74.340001,72.15000500000001,73.570004,6304500,54.764026
2008-02-25,74.040006,76.340003,73.84000400000001,76.030007,6994700,56.595203000000005
2008-02-26,76.140001,78.730008,75.90000400000001,78.07000500000001,8419800,58.113735999999996
2008-02-27,77.440005,79.39000300000001,77.400001,78.700005,8579500,58.582694999999994
2008-02-28,78.290001,80.41000600000001,78.290001,80.41000600000001,6360400,59.855585
2008-02-29,79.670004,79.670004,76.55000600000001,77.370007,7126200,57.592670999999996
2008-03-03,77.500002,78.820008,76.67,78.240004,6755300,58.240280000000006
2008-03-04,77.670001,78.160005,74.500007,75.840006,8374200,56.45377
2008-03-05,76.590001,78.88000500000001,76.190005,78.460008,7233900,58.404045999999994
2008-03-06,77.83000799999999,78.280008,75.40000699999999,75.460004,8401500,56.350452000000004
2008-03-07,74.750005,75.85000699999999,73.35,74.29000400000001,6342500,55.476744
2008-03-10,75.440003,75.450004,72.83000200000001,73.470003,6012000,54.8644
2008-03-11,75.500008,78.95000300000001,74.380004,78.590003,9939000,58.687808
2008-03-12,78.820008,78.920001,76.33000200000001,76.410001,5816700,57.059870999999994
2008-03-13,76.120007,78.14000300000001,74.88000100000001,77.370007,6658200,57.776764
2008-03-14,78.090007,78.090007,73.690007,75.270004,8712600,56.208567
2008-03-17,74.21000500000001,74.21000500000001,69.270005,70.670002,11121100,52.773472999999996
2008-03-18,72.740002,74.22000600000001,71.580003,73.96000699999999,7576400,55.230315000000004
2008-03-19,73.690007,74.350002,69.050001,69.170004,9404900,51.653335999999996
2008-03-20,67.57000500000001,70.230002,66.390004,69.940001,9541000,52.228338
2008-03-24,70.090006,71.890006,69.29000699999999,70.74,5370800,52.825745
2008-03-25,71.19,72.130004,70.300001,71.760003,5273200,53.587442
2008-03-26,71.530006,74.250001,71.530006,73.950006,6442900,55.222846999999994
2008-03-27,74.260002,75.150001,73.08,73.20000300000001,4928900,54.662775
2008-03-28,73.700008,74.68000699999999,72.130004,73.220005,4322500,54.677712
2008-03-31,73.690007,74.700001,72.16000600000001,73.17,5720300,54.640370999999995
2008-04-01,73.100002,75.000003,72.230005,74.88000100000001,6587000,55.917329
2008-04-02,74.500007,75.65000500000001,74.160001,74.890002,8501900,55.924797
2008-04-03,74.590007,76.85,74.200004,75.53000300000001,7142300,56.402724
2008-04-04,75.790002,77.48,75.790002,76.750007,5272100,57.313774
2008-04-07,78.22000200000001,78.450007,76.320001,76.560006,4702500,57.171889
2008-04-08,76.04,77.840001,75.940007,77.180006,5209500,57.634879000000005
2008-04-09,77.38000799999999,79.890007,77.310001,78.850003,6126300,58.881964
2008-04-10,78.700005,79.290002,77.930001,78.590003,5317000,58.687808
2008-04-11,78.840002,78.840002,77.10000699999999,77.230002,3262200,57.672214000000004
2008-04-14,77.220001,78.91000799999999,77.220001,78.170006,5449700,58.374171
2008-04-15,79.000008,79.900008,78.740001,79.47000200000001,5609700,59.344955000000006
2008-04-16,79.860005,83.400008,79.680004,83.190005,9600800,62.122901
2008-04-17,82.870001,84.10000600000001,82.440002,82.870001,4664000,61.883935
2008-04-18,83.000004,83.600002,82.120006,82.860008,8267200,61.876473
2008-04-21,83.920006,84.960003,82.940007,84.810006,6966100,63.332651
2008-04-22,84.610004,86.96000500000001,84.13000100000001,86.060005,7949900,64.2661
2008-04-23,86.27000799999999,86.27000799999999,83.77000100000001,84.490001,6214000,63.093685
2008-04-24,85.360007,85.360007,82.210006,82.830005,8119400,61.854068000000005
2008-04-25,84.55000600000001,86.910001,83.780002,86.870005,7833800,64.870975
2008-04-28,87.450001,87.52000699999999,85.230003,85.54000699999999,6443300,63.877786
2008-04-29,85.10000699999999,85.55000799999999,83.17000300000001,83.250003,6420600,62.167705000000005
2008-04-30,83.74000600000001,84.680002,82.250002,83.21000699999999,6749800,62.137838
2008-05-01,82.310007,82.720003,78.290001,81.020004,9791400,60.502432999999996
2008-05-02,82.38000500000001,83.82000500000001,81.85000600000001,83.74000600000001,6148400,62.53361999999999
2008-05-05,84.29000699999999,86.650002,84.240003,85.840001,5192200,64.10181
2008-05-06,86.660003,89.550004,86.170007,89.170002,7001400,66.58851899999999
2008-05-07,89.580007,89.980002,86.760003,86.760003,8233700,64.78883
2008-05-08,87.890008,88.000002,86.420005,87.92000300000001,7382000,65.65507
2008-05-09,88.020004,88.680006,86.410004,87.85000500000001,5088300,65.602799
2008-05-12,87.290003,88.670006,86.59000400000001,88.010003,5618800,65.722279
2008-05-13,88.450002,90.14000899999999,87.010002,90.14000899999999,6917500,67.31288
2008-05-14,90.70000300000001,90.980003,88.530001,88.800001,6324500,66.312217
2008-05-15,90.230009,91.65000699999999,88.700008,90.83000600000001,9460600,67.828142
2008-05-16,92.27000600000001,94.990009,91.250004,94.990009,9977800,70.934662
2008-05-19,95.350009,96.780008,94.620008,95.460003,8200200,71.285635
2008-05-20,96.200005,98.030008,95.710009,97.850008,9097300,73.07039300000001
2008-05-21,98.170004,100.040003,96.190004,96.45000300000001,11706400,72.02492600000001
2008-05-22,96.77000699999999,98.54000500000001,95.220005,96.030005,9547800,71.71129
2008-05-23,97.010005,97.010005,92.370007,93.340006,9070500,69.702508
2008-05-27,92.680003,93.140004,90.920006,91.360005,7926000,68.223924
2008-05-28,90.410009,93.120002,89.73000400000001,93.120002,8813000,69.538218
2008-05-29,92.47000799999999,93.780005,90.880003,90.920006,8412100,67.895351
2008-05-30,91.640006,92.520005,90.83000600000001,91.930008,7957800,68.649579
2008-06-02,91.500002,93.690005,91.26000400000001,92.500003,7570100,69.07522800000001
2008-06-03,91.890005,93.750002,89.540003,89.66000600000001,10694600,66.95443399999999
2008-06-04,89.170002,89.600008,87.300004,87.40000400000001,11370000,65.266757
2008-06-05,88.690007,91.74000699999999,87.56000300000001,91.640006,7769100,68.433017
2008-06-06,93.220003,96.670007,92.410003,92.700005,13800800,69.467155
2008-06-09,93.470001,94.52000699999999,92.210001,93.560001,7710200,70.111616
2008-06-10,94.450009,94.450009,88.810002,89.870009,9682900,67.346424
2008-06-11,91.34000400000001,92.500003,89.30000600000001,92.02000799999999,7755100,68.95758199999999
2008-06-12,90.000004,90.000004,87.68000500000001,88.390005,13157200,66.23734499999999
2008-06-13,87.550002,89.150008,87.03000300000001,88.070008,9092000,65.997547
2008-06-16,88.700008,90.410009,88.300005,89.540003,6937900,67.099126
2008-06-17,89.24000799999999,91.700004,88.540002,91.140002,6568000,68.29812700000001
2008-06-18,91.370006,91.42000300000001,89.090003,90.260003,6728600,67.638677
2008-06-19,90.590009,91.980005,86.690005,86.890007,8963200,65.113283
2008-06-20,88.370003,88.510007,85.08000600000001,85.640008,10565100,64.176563
2008-06-23,85.340005,88.090002,84.490001,87.610007,11054100,65.652834
2008-06-24,87.460002,87.79000699999999,85.91000799999999,86.060005,7539400,64.491299
2008-06-25,85.940002,86.24000500000001,82.430002,84.86000200000001,10736100,63.592045999999996
2008-06-26,85.030001,86.280001,83.510002,84.940001,9193500,63.65199499999999
2008-06-27,85.18000699999999,88.52000799999999,85.18000699999999,88.450002,17308100,66.282306
2008-06-30,89.860008,91.130009,89.100004,89.860008,11192500,67.33893
2008-07-01,90.000004,92.000006,88.910003,91.440004,10865900,68.522942
2008-07-02,91.29000699999999,92.490002,87.84000400000001,88.420007,12722400,66.259828
2008-07-03,88.560004,89.180003,85.15000400000001,87.250007,6530500,65.38305799999999
2008-07-07,86.88000600000001,87.710008,83.420002,84.42000300000001,10879000,63.26232099999999
2008-07-08,83.02000600000001,83.02000600000001,79.340006,82.530002,14862100,61.846000000000004
2008-07-09,83.290006,83.960002,80.870007,80.990001,10048900,60.691959999999995
2008-07-10,81.140007,83.750007,80.180001,83.600002,10390100,62.647831999999994
2008-07-11,84.30000799999999,86.040003,83.120007,84.050002,9497500,62.985051
2008-07-14,84.13000100000001,85.730008,83.060002,84.06000300000001,5906200,62.992546
2008-07-15,84.19000600000001,84.500002,79.250006,80.20000300000001,10928600,60.099954000000004
2008-07-16,80.000001,80.13000500000001,75.250002,77.000006,20315800,57.701953
2008-07-17,77.970004,79.700006,73.12000400000001,75.100004,14589900,56.278138
2008-07-18,77.240003,78.19000799999999,75.41000799999999,77.590002,10765800,58.144082999999995
2008-07-21,77.870003,80.41000600000001,77.650008,79.97000600000001,8486700,59.927601
2008-07-22,79.24000500000001,79.460001,76.060002,77.000006,9760200,57.701953
2008-07-23,76.22,77.620005,71.760003,72.220004,16816100,54.119935
2008-07-24,73.56000300000001,74.920004,70.220001,73.340007,18701000,54.959239000000004
2008-07-25,73.20000300000001,77.02000699999999,72.700006,75.710003,10954500,56.73525600000001
2008-07-28,76.690002,78.340005,75.360004,76.080004,9141300,57.012526
2008-07-29,76.22,76.860001,73.670005,75.95,10641300,56.915105000000004
2008-07-30,76.21000699999999,81.700001,75.120006,80.69000600000001,13362100,60.467151
2008-07-31,79.850004,80.260008,77.880004,78.830001,9435500,59.073308
2008-08-01,78.87000400000001,80.900001,78.750002,79.310004,7392900,59.433009999999996
2008-08-04,79.070006,79.890007,73.780007,74.230007,10257100,55.626183
2008-08-05,73.790008,75.86,72.700006,75.61000200000001,9444100,56.660318000000004
2008-08-06,75.800003,78.22000200000001,75.49000699999999,77.610004,8112900,58.159071999999995
2008-08-07,78.560001,79.100001,76.31,76.370006,7578800,57.229847
2008-08-08,74.900003,76.350004,73.680006,76.090005,8326100,57.02002099999999
2008-08-11,76.22,77.160004,74.250001,75.89000300000001,6886400,56.870143999999996
2008-08-12,76.750007,77.39,75.000003,75.480006,9636700,56.562902
2008-08-13,75.990004,78.750002,75.29000500000001,78.130002,8673800,58.548745999999994
2008-08-14,77.770002,78.050003,75.90000400000001,77.42000300000001,7433800,58.016689
2008-08-15,77.200007,77.240003,73.730002,75.710003,8424800,56.73525600000001
2008-08-18,76.440004,77.580001,75.40000699999999,75.620003,6266000,56.667812
2008-08-19,74.740004,78.240004,74.740004,77.730007,6868300,58.248999
2008-08-20,78.79000500000001,81.68000699999999,78.490002,81.200004,9853300,60.84933100000001
2008-08-21,82.440002,84.950002,81.440001,83.810005,9106300,62.805203000000006
2008-08-22,83.250003,83.70000300000001,80.900001,81.780008,5645500,61.283972
2008-08-25,81.310006,82.960001,80.33000600000001,80.84000400000001,5761300,60.579556000000004
2008-08-26,81.370003,82.940007,81.000002,82.510001,4169400,61.831011
2008-08-27,83.890004,84.960003,83.690002,84.170005,5688000,63.074978
2008-08-28,84.890005,85.44000600000001,79.910001,80.570004,10543700,60.377224
2008-08-29,81.68000699999999,81.710001,78.920001,79.360008,7106400,59.470482
2008-09-02,75.930006,76.54000500000001,74.310006,75.330001,10576900,56.450492000000004
2008-09-03,75.240001,76.680001,73.590006,75.49000699999999,8289000,56.570397
2008-09-04,75.49000699999999,76.290006,72.47000200000001,73.590006,9233900,55.146581999999995
2008-09-05,73.710001,74.030005,71.030002,73.27000100000001,7120600,54.906778
2008-09-08,74.830004,74.88000100000001,70.800005,71.930002,8180400,54.139056999999994
2008-09-09,70.510003,71.55,66.160004,66.170005,13762700,49.80372
2008-09-10,66.650003,70.770003,66.510003,69.860001,10581600,52.58104399999999
2008-09-11,69.440004,70.500002,67.200004,69.860001,9491000,52.58104399999999
2008-09-12,70.02000799999999,73.060007,70.02000799999999,72.460001,9123200,54.537968000000006
2008-09-15,67.51,71.44000600000001,66.670005,67.660005,10455900,50.925188
2008-09-16,65.240002,70.000006,63.960004000000005,69.810005,11491800,52.543414
2008-09-17,69.600002,73.53,67.660005,69.050001,13601900,51.971387
2008-09-18,71.260006,74.140007,68.47000600000001,70.95000300000001,11554500,53.401447999999995
2008-09-19,74.28000300000001,80.760005,73.380003,80.500006,16130800,60.589383
2008-09-22,80.360001,84.160004,80.150006,81.24000699999999,11557000,61.14635500000001
2008-09-23,80.680006,82.140008,76.440004,77.160004,9129300,58.075487
2008-09-24,78.090007,78.340005,75.880002,76.650006,6738900,57.69163
2008-09-25,76.730006,78.80000600000001,76.010005,77.880004,7461500,58.617404
2008-09-26,75.700002,77.490001,73.680006,77.330003,6646800,58.203439
2008-09-29,73.870007,73.870007,64.500004,65.000004,15027500,48.923103999999995
2008-09-30,67.69,70.800005,67.000003,70.450006,8139500,53.025119
2008-10-01,70.110008,70.110008,65.180004,67.42,9697300,50.744545
2008-10-02,65.880003,65.880003,60.590003,61.900004,12233800,46.589847999999996
2008-10-03,62.830003000000005,66.650003,61.020002000000005,61.530003,9502400,46.311362
2008-10-06,59.000002,59.940001,52.620001,58.810005000000004,15401800,44.26412
2008-10-07,60.070005,60.810003,53.530002,53.880001,12443800,40.553488
2008-10-08,52.260001,57.780005,51.150002,54.550001,18648300,41.057772
2008-10-09,56.190003000000004,56.570001,47.770001,48.000001,12143400,36.127829
2008-10-10,44.620003999999994,47.890004,40.690002,43.900003999999996,21663300,33.041913
2008-10-13,48.030004,51.910002,46.010003999999995,51.270001,17412200,38.589037
2008-10-14,53.930002,55.260004,49.850002,52.560004000000006,13577900,39.559975
2008-10-15,49.940002,50.290001000000004,42.200001,42.840002,16346500,32.244088
2008-10-16,43.760003999999995,46.780001,39.930002,46.340001,19873300,34.878409000000005
2008-10-17,44.950002000000005,51.000001,44.090001,46.500004,13140800,34.998836
2008-10-20,48.600003,53.880001,47.670004,53.530002,9466200,40.290057
2008-10-21,51.690002,52.240003,48.000001,49.530002,11270400,37.279404
2008-10-22,46.850003,47.250003,43.620003000000004,44.900001,12146200,33.794573
2008-10-23,45.820003,49.300001,43.920002000000004,48.590002,11779600,36.571901000000004
2008-10-24,42.600004,47.120003000000004,41.600003,45.690003999999995,9234900,34.389179
2008-10-27,44.030004,46.400003000000005,41.500002,42.080002,11577000,31.672064000000002
2008-10-28,45.370003000000004,49.770003,42.010003999999995,49.700001,10613200,37.407356
2008-10-29,51.350004,54.440003000000004,47.800004,50.810004,14400900,38.242814
2008-10-30,52.110003999999996,55.110003000000006,50.140004,54.730001,11063100,41.193252
2008-10-31,53.810003,57.740001,53.030002,55.540001000000004,9323300,41.802909
2008-11-03,54.710003,56.250005,51.980004,53.170002000000004,6965400,40.019098
2008-11-04,54.280001,58.640002,54.220004,58.080004,11106700,43.714675
2008-11-05,56.000002,57.670003,53.440002,53.940003000000004,9047300,40.598649
2008-11-06,53.120002,53.980002,51.020003,51.510002,10197300,38.769677
2008-11-07,52.620001,53.200005000000004,50.110001000000004,52.460003,8914900,39.484708000000005
2008-11-10,55.840004,55.840004,51.210003,52.990002000000004,6027900,39.883618
2008-11-11,51.040003999999996,52.050002,49.390001,50.410004,7860100,37.941749
2008-11-12,49.070001,49.200004,45.010003000000005,45.070004,10860100,33.922529
2008-11-13,45.390001,50.220003000000005,42.090003,50.130003,14232100,37.731003
2008-11-14,48.500002,51.380003,46.550004,48.190002,10920400,36.270835999999996
2008-11-17,47.690002,49.480001,46.920001,47.010001,6019600,35.382692999999996
2008-11-18,47.150002,49.690003999999995,46.360003000000006,48.630002000000005,9193300,36.602007
2008-11-19,48.090001,49.400002,45.800001,46.120002,9841200,34.712823
2008-11-20,45.120001,45.840001,40.180001000000004,40.720001,12626700,30.648441
2008-11-21,42.400002,47.560002000000004,41.500002,47.010001,15968300,35.382692999999996
2008-11-24,47.910001,52.080001,47.000004,50.550005,11509900,38.047121999999995
2008-11-25,51.790003000000006,51.940003999999995,48.550002,51.030003,10611700,38.4084
2008-11-26,49.700001,55.410002,49.700001,55.280002,8196100,41.607217
2008-11-28,54.060001,54.620003000000004,52.370003000000004,54.140005,4539800,40.749183
2008-12-01,51.150002,51.500001,45.680003,45.890001,12502900,34.53971
2008-12-02,48.120003999999994,48.740003,45.400002,47.330002,11879700,35.623545
2008-12-03,46.250001,48.180001000000004,45.100003,47.960002,10495900,36.097722999999995
2008-12-04,46.400003000000005,47.330002,43.200002000000005,43.940003999999995,10214700,33.072019
2008-12-05,43.240001,46.840002,41.270002000000005,46.190003999999995,9890800,34.765511
2008-12-08,48.540002,52.180002,47.540003999999996,51.180001000000004,11412600,38.790031
2008-12-09,50.060001,52.560004000000006,49.540003000000006,51.570004,8824300,39.08562
2008-12-10,52.810002000000004,57.500004000000004,52.800001,57.280004000000005,11615200,43.413308
2008-12-11,58.290002,60.900003000000005,56.420004000000006,57.830001,13401200,43.830159
2008-12-12,54.86000500000001,56.350002,53.430001000000004,55.120004,9240000,41.776214
2008-12-15,57.050004,58.500005,53.520001,54.770005000000005,7969300,41.510945
2008-12-16,55.300004,57.570002,53.660002,57.440003000000004,9438300,43.534572999999995
2008-12-17,56.490002000000004,59.420003,56.090002,57.460004000000005,8121000,43.549733
2008-12-18,56.990003,57.500004000000004,54.170003,54.920002000000004,8932600,41.624629999999996
2008-12-19,53.660002,57.370004,53.660002,56.550003000000004,11659800,42.86003
2008-12-22,56.720002,57.710003,53.270003,54.380002000000005,7141100,41.215356
2008-12-23,56.100003,56.800002,53.100004000000006,53.760003000000005,6261500,40.74545
2008-12-24,53.360003000000006,53.690004,51.870002,52.940002,2028000,40.12396
2008-12-26,53.450003,54.260003000000005,52.790004,54.140005,2299700,41.033459
2008-12-29,56.100003,57.15000500000001,55.210004000000005,56.360002,6279000,42.716026
2008-12-30,56.590003,58.680001000000004,55.980005000000006,58.440004,6836400,44.292488
2008-12-31,57.990004000000006,60.97000500000001,57.500004000000004,59.990002000000004,7938100,45.467253
2009-01-02,60.61000500000001,62.650003000000005,59.500002,62.160003,7081200,47.111927
2009-01-05,61.940004,63.97000500000001,60.880005000000004,61.740002000000004,10331300,46.793602
2009-01-06,62.790003000000006,64.000003,61.030003,61.640005,13799800,46.717813
2009-01-07,60.920005,61.050004,57.300002,58.110002,8950300,44.042375
2009-01-08,57.760003000000005,59.440005000000006,57.640004000000005,59.000002,6494000,44.716918
2009-01-09,58.950001,59.230002,56.080001,56.300001,7334900,42.67055
2009-01-12,55.250003,55.920003,53.940003000000004,54.370001,7688100,41.207776
2009-01-13,55.340003,56.580002,54.100001,56.310002000000004,8887000,42.678129999999996
2009-01-14,54.990004000000006,55.450001,53.000003,53.740001,8850200,40.730290999999994
2009-01-15,53.590004,53.920001,51.080003999999995,53.530002,11731700,40.57113
2009-01-16,54.810004000000006,55.790004,52.560004000000006,53.530002,8600900,40.57113
2009-01-20,52.250004,54.210003,50.540003999999996,50.880002000000005,9642300,38.562658
2009-01-21,51.430003,56.100003,51.300003000000004,55.790004,9591700,42.284015999999994
2009-01-22,54.610002,55.600003,52.950003,54.160002,7624400,41.048615999999996
2009-01-23,52.720002,56.100003,52.150003000000005,55.540001000000004,9751900,42.094536
2009-01-26,55.620004,58.220004,55.570004000000004,56.820003,8248900,43.064667
2009-01-27,56.880005000000004,57.33000500000001,55.280002,56.730003,8990800,42.996455
2009-01-28,58.220004,59.900002,56.810002000000004,59.38000400000001,9798500,45.004927
2009-01-29,58.060002000000004,59.52000400000001,56.810002000000004,56.820003,9901300,43.064667
2009-01-30,57.970002,57.990004000000006,54.040004,54.550001,10357600,41.344201
2009-02-02,53.390002,54.750003,52.800001,54.150001,6841000,41.041036
2009-02-03,54.610002,55.930004000000004,54.220004,55.280002,7425700,41.897479
2009-02-04,56.010003000000005,57.130003,54.950005000000004,55.730002,9405300,42.23854
2009-02-05,55.000001,56.700005000000004,54.920002000000004,56.150004,9527900,42.556865
2009-02-06,55.52000400000001,57.070002,54.660003,56.770003,8272400,43.026771000000004
2009-02-09,57.080003000000005,59.030004000000005,56.850002,58.610003000000006,9469900,44.421333000000004
2009-02-10,58.740002000000004,59.370003000000004,54.660003,55.440004,11864300,42.018747
2009-02-11,56.400002,57.530003,54.960002,55.790004,10979000,42.284015999999994
2009-02-12,54.870002,55.950002000000005,53.560001,55.840004,9586000,42.321912
2009-02-13,55.440004,57.490003,55.240003,56.580002,6997900,42.882767
2009-02-17,54.660003,54.710003,52.350001,52.360002,9639300,39.68437
2009-02-18,52.850002,53.210002,51.050001,51.540001000000004,8167700,39.06288
2009-02-19,51.890004,52.910003,51.050001,51.310004,9398700,38.888563
2009-02-20,50.100004999999996,50.920002000000004,48.650003000000005,50.060001,9682200,37.941168
2009-02-23,50.990004,51.480004,47.500001,47.560002000000004,8460200,36.046384
2009-02-24,48.340004,50.760003000000005,47.660003,50.470002,9866600,38.251913
2009-02-25,50.150001,51.410001,48.760001,50.130003,8972100,37.994223
2009-02-26,51.110003000000006,54.020002000000005,50.840002,52.500002,11098100,39.790479
2009-02-27,51.330002,53.420004000000006,50.680004,51.870002,11002700,39.312993
2009-03-02,50.300002,50.340002,48.270001,48.870003000000004,13258100,37.039252000000005
2009-03-03,49.330003999999995,50.510001,48.240003,48.780003,11754000,36.971039000000005
2009-03-04,49.970001,53.640004000000005,49.820004,52.820003,13251900,40.033011
2009-03-05,51.110003000000006,52.450002000000005,49.250001,50.040003000000006,11070500,37.926010999999995
2009-03-06,50.700002000000005,52.330003000000005,48.700004,50.540003999999996,11616900,38.551497999999995
2009-03-09,49.600004,51.800004,48.930004,50.390002,8738400,38.437078
2009-03-10,52.270002000000005,54.930003,51.540001000000004,53.560001,11370700,40.855127
2009-03-11,53.240004000000006,55.270001,52.550003000000004,53.820004000000004,9132600,41.053455
2009-03-12,54.45000400000001,56.840001,53.77000400000001,56.460003,9771500,43.067225
2009-03-13,56.750001,56.990003,53.600004000000006,54.690002,9432400,41.717082
2009-03-16,53.910004,54.830002,53.200005000000004,53.590004,10102600,40.878013
2009-03-17,53.800002,55.590002,52.790004,55.590002,7959200,42.403595
2009-03-18,54.950005000000004,57.780005,53.390002,56.840001,9684700,43.357084
2009-03-19,57.95000400000001,60.800002,57.700002000000005,58.980004,11416700,44.989461
2009-03-20,59.180002,60.000003,56.560004000000006,56.740004000000006,10079800,43.280808
2009-03-23,58.580004,60.980002,58.120003000000004,60.97000500000001,9381700,46.507417
2009-03-24,59.890005,60.170002000000004,58.490004000000006,58.930003,7437700,44.951321
2009-03-25,59.240003,59.720002,57.000003,58.760004,9425400,44.821647
2009-03-26,59.560004000000006,59.800005000000006,57.790002,58.780002,9296400,44.836901
2009-03-27,57.570002,58.760004,56.990003,57.960005,9819800,44.211414000000005
2009-03-30,56.460003,56.770003,55.300004,56.20000400000001,8520300,42.8689
2009-03-31,56.980002,57.530003,55.630001,55.650003000000005,7794700,42.449364
2009-04-01,54.620003000000004,57.63000400000001,54.000004000000004,57.33000500000001,8710700,43.730855
2009-04-02,59.420003,62.000005,59.350005,60.11000500000001,9968000,45.851416
2009-04-03,59.940001,61.570003,59.400001,60.390002,9409700,46.064995
2009-04-06,59.410002,59.690003000000004,56.850002,57.720004,10115800,44.028343
2009-04-07,56.800002,56.830004,55.420003,55.730002,7732100,42.510386
2009-04-08,55.960003,57.350003,54.220004,56.770003,6264300,43.30369
2009-04-09,58.510002,59.060003,57.880002000000005,58.530004000000005,6066700,44.646204
2009-04-13,57.750002,59.480004,56.710002,58.72000500000001,5310900,44.791136
2009-04-14,57.900004,59.440005000000006,57.600005,57.850003,6254500,44.127506
2009-04-15,57.760003000000005,59.38000400000001,57.410004,58.340003,5141700,44.501273
2009-04-16,59.300004,59.570004000000004,57.430002,58.980004,5530600,44.989461
2009-04-17,59.320002,59.970004,58.740002000000004,59.640003,7611700,45.492902
2009-04-20,58.180005,58.460002,55.510003000000005,55.88000400000001,7435600,42.624806
2009-04-21,55.04000500000001,56.300001,51.520003,56.060004000000006,8816600,42.762109
2009-04-22,55.270001,56.730003,55.000001,55.560003,8070800,42.380712
2009-04-23,56.290004,56.390001,54.63000400000001,55.970004,9913200,42.693457
2009-04-24,56.780004000000005,57.490003,55.410002,55.870003000000004,9074500,42.617178
2009-04-27,54.830002,55.180001000000004,53.730004,54.810004000000006,7060300,41.808619
2009-04-28,54.190001,55.870003000000004,53.000003,54.770005000000005,6364900,41.778108
2009-04-29,55.930004000000004,58.330002,55.250003,57.400003000000005,8264400,43.784248999999996
2009-04-30,57.750002,58.460002,55.410002,56.290004,7024800,42.937551
2009-05-01,56.560004000000006,58.950001,56.350002,58.470002,6723100,44.600436
2009-05-04,59.060003,61.140004000000005,58.410005000000005,60.900003000000005,8185500,46.45402
2009-05-05,61.410004,61.710003,59.900002,60.47000500000001,5471000,46.126021
2009-05-06,61.590004,65.450004,61.45000400000001,64.580003,9630900,49.261094
2009-05-07,66.010002,66.100002,61.330001,62.470003000000005,8416800,47.651603
2009-05-08,63.650004,66.140002,63.510004,65.32000500000001,7844300,49.825561
2009-05-11,64.410004,64.410004,61.950005000000004,62.880003,6012000,47.964348
2009-05-12,63.370003000000004,64.200005,61.280005,63.170005,8153000,48.185559000000005
2009-05-13,62.140001,62.790003000000006,60.850003,61.330001,6318800,46.782019
2009-05-14,60.780004000000005,62.080004,60.280004000000005,61.410004,4809900,46.843045000000004
2009-05-15,61.310003,61.900004,59.500002,60.030001,6723100,45.79039
2009-05-18,60.79000500000001,62.260004,60.79000500000001,61.960001,6154400,47.262578000000005
2009-05-19,61.900004,63.310002000000004,61.520002000000005,62.280002,5372400,47.506671999999995
2009-05-20,63.090002,65.130004,62.780002,63.010003000000005,7520100,48.063511
2009-05-21,61.420001,61.460005,60.090003,61.240001,7319200,46.713368
2009-05-22,61.77000400000001,62.880003,61.240001,62.030004000000005,4989900,47.315975
2009-05-26,61.440003000000004,63.640003,60.870004,63.390005,6508700,48.353373
2009-05-27,63.830004,64.900003,62.58000500000001,62.830003000000005,5059400,47.926208
2009-05-28,63.910003,66.270005,63.160004,65.47000200000001,7534700,49.939978
2009-05-29,66.640002,67.65000400000001,65.940004,67.110004,7025800,51.190958
2009-06-01,68.74000600000001,69.970003,68.510001,69.340003,7477900,52.891982999999996
2009-06-02,68.760007,69.870002,68.420001,69.350004,7252800,52.899611
2009-06-03,68.390006,68.390006,65.580004,66.870007,8235000,51.00789
2009-06-04,67.830005,69.110007,67.410007,68.620003,5701500,52.342773
2009-06-05,69.370006,69.680001,67.24,68.560006,6928000,52.297007
2009-06-08,68.080003,68.880002,66.49000500000001,68.330001,5748100,52.373652
2009-06-09,69.19000600000001,69.750008,68.370005,69.04,4928900,52.917853
2009-06-10,69.860001,70.35000500000001,67.720003,69.270005,7079800,53.094147
2009-06-11,69.33000200000001,71.59000400000001,69.18000500000001,70.63000600000001,6060600,54.136562
2009-06-12,69.970003,69.970003,68.250002,68.97000200000001,5767800,52.864201
2009-06-15,68.070002,68.41,66.150003,67.08000200000001,6410500,51.415551
2009-06-16,67.710002,67.85000600000001,63.470004,64.360003,9775100,49.330724
2009-06-17,63.820003,64.340002,62.300004,63.800005000000006,6919100,48.901496
2009-06-18,63.750005,65.190005,63.52000400000001,64.45000300000001,6380000,49.399707
2009-06-19,65.09000400000001,65.280005,64.220003,64.520002,10873600,49.453359999999996
2009-06-22,63.210005,63.52000400000001,60.870004,61.370005000000006,7690600,47.038947
2009-06-23,62.150002,63.010003000000005,60.97000500000001,62.730002,7405800,48.081359
2009-06-24,63.230003,64.710002,62.730002,64.120002,9547600,49.146767
2009-06-25,63.890001,65.790003,63.740004000000006,65.46000500000001,9389200,50.173854999999996
2009-06-26,64.930002,65.260003,63.880005000000004,64.300002,18976700,49.284734
2009-06-29,64.990003,66.620005,64.470005,66.13000500000001,9960400,50.687397
2009-06-30,66.18000500000001,66.680002,63.960004000000005,65.810004,9101600,50.442122
2009-07-01,66.990002,66.990002,64.910004,65.180004,8516200,49.959239000000004
2009-07-02,64.170002,64.390002,62.600002,63.280003,7057900,48.502924
2009-07-06,61.530003,61.890003,60.47000500000001,61.700002000000005,11346400,47.291884
2009-07-07,61.580004,61.990004000000006,59.770002000000005,59.860002,7321100,45.881558
2009-07-08,59.630002000000005,60.840002,58.670004000000006,59.570004000000004,9545200,45.659281
2009-07-09,60.590003,62.250003,60.220002,61.030003,6855200,46.778341
2009-07-10,59.830004,61.15000500000001,59.330003000000005,60.750002,4757400,46.563726
2009-07-13,61.250002,62.930004000000004,60.030001,62.780002,6731100,48.119683
2009-07-14,63.320003,64.67000300000001,63.310002000000004,64.29000500000001,7423100,49.277072
2009-07-15,65.220004,66.900002,65.220004,66.740003,7384100,51.154949
2009-07-16,66.190002,67.700001,65.780002,67.270003,6345500,51.561183
2009-07-17,67.100003,67.980002,66.820003,67.750005,9495600,51.929096
2009-07-20,68.560006,69.66000799999999,68.240001,69.520003,7253200,53.285766
2009-07-21,70.510003,70.890005,68.810004,70.220001,5341300,53.822302
2009-07-22,69.410001,70.810006,68.810004,69.99000500000001,7897400,53.646014
2009-07-23,70.250004,72.260007,69.800004,71.950004,8809000,55.148316
2009-07-24,71.600004,72.550001,70.980005,72.430006,5023000,55.516229
2009-07-27,72.480003,73.470003,71.930002,72.99,4703000,55.945453
2009-07-28,72.080007,72.740002,70.13000100000001,71.690004,7740000,54.949031000000005
2009-07-29,70.47,70.63000600000001,68.600001,69.480008,6845900,53.255109999999995
2009-07-30,71.130003,71.79000500000001,70.280007,70.590002,5973300,54.1059
2009-07-31,69.98000400000001,72.200002,69.720005,71.340005,5699100,54.680763
2009-08-03,72.47000200000001,73.750004,72.250006,72.39000300000001,6538400,55.485567
2009-08-04,72.0,72.68000500000001,70.800005,71.940003,6188100,55.14065
2009-08-05,71.73,71.930002,70.400002,70.730007,5860200,54.213211
2009-08-06,70.83,70.850002,69.49,69.880003,5675700,53.561699
2009-08-07,70.27000600000001,70.970004,69.890004,70.06000300000001,4656300,53.699666
2009-08-10,69.720005,70.10000699999999,69.29000699999999,70.050002,3358400,53.692001
2009-08-11,69.38000699999999,69.610003,68.210006,68.720004,3928500,52.67258199999999
2009-08-12,68.510001,70.230002,68.370005,69.860001,4921100,53.54636800000001
2009-08-13,70.200008,71.130003,69.800004,70.980005,5173900,54.404830000000004
2009-08-14,71.02000100000001,71.290001,69.480008,70.330003,4111700,53.90661600000001
2009-08-17,68.800003,69.000005,67.180003,68.340002,5253100,52.381318
2009-08-18,68.750006,70.02000799999999,68.420001,69.500001,4521000,53.270435
2009-08-19,68.580007,72.100001,68.29000500000001,71.530006,6388300,54.826395999999995
2009-08-20,71.450007,72.530007,71.260006,72.24000500000001,3879600,55.370597
2009-08-21,73.670005,74.950007,72.920002,74.780008,5764300,57.31746
2009-08-24,75.180003,76.000005,74.57000500000001,75.190004,4994400,57.631715
2009-08-25,75.560005,76.150002,73.590006,73.910002,5245300,56.650617000000004
2009-08-26,73.420007,74.700001,73.010002,74.160001,5139000,56.842236
2009-08-27,73.550002,74.730003,71.870005,74.57000500000001,4914300,57.156496999999995
2009-08-28,75.070002,75.500008,74.190003,74.52000100000001,4491300,57.11816999999999
2009-08-31,73.450001,73.810001,72.340006,73.100002,4883200,56.029768000000004
2009-09-01,73.12000400000001,73.870007,71.80000600000001,72.230005,6667800,55.362931
2009-09-02,72.220004,72.660003,71.44000600000001,71.810007,6116600,55.041011
2009-09-03,72.60000600000001,72.63,71.530006,71.99000699999999,4373200,55.178978
2009-09-04,71.91,73.010002,71.890006,72.730001,4144800,55.746168999999995
2009-09-08,74.040006,75.260003,73.60000699999999,75.070002,6912700,57.802005
2009-09-09,75.230008,76.49,74.620002,75.85000699999999,5770100,58.402590000000004
2009-09-10,76.050001,76.870002,75.510001,76.780002,5856000,59.118663
2009-09-11,77.230002,77.800005,76.270005,76.970003,5113400,59.264959
2009-09-14,75.960001,77.090006,75.870001,76.99000500000001,4909600,59.280359
2009-09-15,77.47000799999999,78.500003,76.76,78.02000100000001,5204200,60.07343
2009-09-16,78.590003,79.580004,78.090007,79.15000500000001,5795300,60.943505
2009-09-17,78.660002,79.580004,78.480002,78.640008,4933500,60.550819999999995
2009-09-18,78.90000699999999,79.15000500000001,76.38000600000001,77.150003,7295500,59.40355400000001
2009-09-21,76.000005,77.360006,75.620003,77.090006,4270300,59.357358
2009-09-22,78.010008,78.99000699999999,77.910007,78.320003,3799100,60.304425
2009-09-23,78.210002,78.480002,76.170004,76.350004,4293200,58.787575
2009-09-24,76.200006,76.610003,74.040006,74.49000600000001,7239200,57.355422999999995
2009-09-25,75.640004,77.48,75.000003,77.03,8757100,59.31115500000001
2009-09-28,77.3,79.570003,76.840007,79.15000500000001,5132600,60.943505
2009-09-29,78.980006,79.410004,77.840001,78.290001,4849200,60.281323
2009-09-30,78.680003,79.040003,76.650006,78.400002,7194500,60.366021999999994
2009-10-01,78.110001,78.560001,75.330001,75.37000400000001,5837100,58.033
2009-10-02,74.510008,75.40000699999999,73.740003,74.33000799999999,4791100,57.232229000000004
2009-10-05,74.270002,75.980003,73.810001,75.510001,4641900,58.14079399999999
2009-10-06,76.360005,78.290001,76.270005,77.590002,5559700,59.742342
2009-10-07,77.3,78.02000100000001,76.33000200000001,77.430004,4158900,59.619147999999996
2009-10-08,78.010008,80.290003,77.800005,80.090001,5643800,61.667278
2009-10-09,79.88000600000001,81.49000600000001,79.020002,79.540008,4762400,61.243797
2009-10-12,79.420005,80.77000600000001,79.280001,80.310005,4934900,61.836675
2009-10-13,80.69000600000001,80.69000600000001,79.210003,80.300004,4209100,61.828975
2009-10-14,81.400006,81.990002,80.92000300000001,81.77000699999999,3875300,62.960840000000005
2009-10-15,81.030005,83.250003,80.89,83.140001,5522900,64.015701
2009-10-16,82.000003,83.000004,81.120005,82.40000699999999,5250800,63.445924
2009-10-19,82.220007,82.97000200000001,82.100004,82.61000200000001,4031700,63.607615
2009-10-20,82.560005,82.560005,80.380003,81.69000799999999,3555700,62.899243000000006
2009-10-21,81.180002,84.750008,81.020004,81.550003,6813100,62.79144300000001
2009-10-22,82.090003,84.200007,79.71000699999999,84.000005,6749700,64.677883
2009-10-23,84.320002,84.730006,81.550003,82.150001,5001000,63.253426
2009-10-26,82.40000699999999,84.120008,80.370002,80.710008,4763600,62.144668
2009-10-27,80.990001,81.550003,80.010002,80.290003,5571700,61.821275
2009-10-28,79.790006,79.980007,77.540006,77.83000799999999,6082300,59.92714
2009-10-29,78.620006,80.110003,78.370008,79.140004,5761300,60.935805
2009-10-30,78.600004,78.940003,74.920004,75.880002,9495500,58.425684999999994
2009-11-02,76.460006,78.310002,74.890002,76.820006,8648100,59.149464
2009-11-03,76.160003,79.870005,75.250002,79.490004,8325900,61.20529499999999
2009-11-04,80.570004,81.52,79.910001,80.100002,6182200,61.674979
2009-11-05,80.860006,81.58000600000001,79.700006,80.940005,4502200,62.32176
2009-11-06,80.300004,81.600008,79.750003,80.88000699999999,3605800,62.275563
2009-11-09,82.000003,83.400008,82.000003,83.050001,4021300,63.946403000000004
2009-11-10,82.940007,84.470007,82.630003,84.170005,4800800,64.808778
2009-11-11,84.830007,84.980005,82.170002,83.13000799999999,4460300,64.00800699999999
2009-11-12,82.560005,83.060002,81.020004,81.810002,5076200,62.991636
2009-11-13,81.69000799999999,82.950008,81.080001,82.45000300000001,3712600,63.48441999999999
2009-11-16,83.140001,85.200008,83.13000799999999,84.480008,4716000,65.047473
2009-11-17,84.13000100000001,84.870003,83.47000600000001,84.050002,4041200,64.716379
2009-11-18,84.240003,84.480008,82.620002,83.21000699999999,3987300,64.069604
2009-11-19,82.760007,83.000004,80.350008,81.530001,6220000,62.776042000000004
2009-11-20,81.120005,81.120005,79.080007,79.99000799999999,6717100,61.590286
2009-11-23,81.230007,82.960001,81.180002,82.140008,4627200,63.245732
2009-11-24,81.710001,82.920005,80.810001,82.73000400000001,4301100,63.700014
2009-11-25,82.990003,84.160004,82.470005,84.030008,3476900,64.70098399999999
2009-11-27,80.650003,81.68000699999999,79.300003,81.200004,3198900,62.521952
2009-11-30,80.77000600000001,81.660005,80.010002,80.79000699999999,4513500,62.206265
2009-12-01,82.020005,83.13000799999999,81.790001,82.180003,3402900,63.276527
2009-12-02,82.01000400000001,82.100004,80.460002,81.21000500000001,3722800,62.529653
2009-12-03,81.050007,81.660005,80.010002,80.150006,4120700,61.71348100000001
2009-12-04,80.990001,81.750005,77.900006,78.650001,7352600,60.558514
2009-12-07,78.27000699999999,78.79000500000001,77.21,78.240004,6563800,60.242827
2009-12-08,77.3,77.750001,76.4,76.920007,5699800,59.477328
2009-12-09,77.27000600000001,77.770002,75.800003,76.950001,4860500,59.500521
2009-12-10,77.3,77.900006,76.200006,76.950001,6660900,59.500521
2009-12-11,77.310001,77.490001,75.690001,76.000005,5099300,58.765949
2009-12-14,77.510003,77.970004,76.70000300000001,77.410002,5919200,59.85621
2009-12-15,77.090006,79.740002,76.90000500000001,78.87000400000001,6287600,60.985137
2009-12-16,79.360008,80.500006,78.79000500000001,78.820008,5746000,60.946478000000006
2009-12-17,78.300002,78.80000600000001,77.540006,78.320003,4818600,60.559856
2009-12-18,79.040003,80.420006,78.91000799999999,79.980007,8074300,61.843431
2009-12-21,80.40000500000001,81.440001,80.320006,80.670005,3995800,62.376962
2009-12-22,80.500006,81.900002,80.370002,81.410007,2805400,62.949158
2009-12-23,81.870008,82.700002,81.610001,82.460004,2837700,63.761054
2009-12-24,82.160002,82.77000799999999,82.05000799999999,82.470005,906000,63.768786999999996
2009-12-28,82.65000500000001,83.240002,81.970001,82.510001,2200000,63.799713
2009-12-29,82.790002,83.000004,81.560004,82.100004,2170500,63.482689
2009-12-30,81.820003,82.580007,81.440001,82.37000400000001,2157900,63.691463
2009-12-31,82.430002,82.570006,81.22000600000001,81.350001,1909500,62.90276
2010-01-04,82.66000600000001,83.510002,82.200005,83.10000500000001,3624100,64.255926
2010-01-05,83.180004,83.230001,82.030006,82.500008,3509400,63.791986
2010-01-06,82.40000699999999,83.870002,81.830004,83.49000799999999,5569100,64.55749
2010-01-07,82.950008,83.630004,82.37000400000001,82.870001,4293200,64.078078
2010-01-08,82.520002,83.780002,81.530001,83.720005,4329000,64.735332
2010-01-11,84.150003,84.830007,82.30000600000001,82.960001,4072400,64.14766999999999
2010-01-12,81.800001,82.170002,79.910001,80.160007,7059600,61.982614
2010-01-13,80.340007,80.700007,78.600004,79.63000799999999,7672400,61.572798999999996
2010-01-14,79.15000500000001,80.43000699999999,79.120003,80.250007,4709500,62.05220500000001
2010-01-15,80.04000500000001,80.27000100000001,78.35000600000001,78.920001,8238800,61.023796
2010-01-19,78.650001,79.430006,78.250005,79.360008,5690300,61.364025
2010-01-20,78.600004,78.600004,76.810005,78.210002,6279000,60.474799
2010-01-21,78.15000400000001,78.51000400000001,75.89000300000001,76.010005,7594400,58.773681999999994
2010-01-22,76.590001,78.160005,75.720004,76.10000500000001,10123400,58.843272999999996
2010-01-25,77.03,78.530006,76.800004,77.650008,6713100,60.041791
2010-01-26,76.21000699999999,77.970004,76.21000699999999,76.660007,9094600,59.276286999999996
2010-01-27,76.70000300000001,77.200007,75.390006,76.430003,5273200,59.098439
2010-01-28,77.46000699999999,78.820008,74.380004,77.500002,11830600,59.925802000000004
2010-01-29,78.14000300000001,79.820001,77.750001,78.340005,11203100,60.575322
2010-02-01,79.090008,79.920002,78.95000300000001,79.83000200000001,6338400,61.727441000000006
2010-02-02,80.110003,80.930004,79.210003,80.780007,5375300,62.462019
2010-02-03,80.660004,81.13000600000001,79.640001,80.13000500000001,3680300,61.959414
2010-02-04,79.430006,79.430006,76.300007,76.440004,7967800,59.106171999999994
2010-02-05,76.38000600000001,77.160004,74.270002,76.710004,10664700,59.314946
2010-02-08,76.77000100000001,78.58000200000001,76.02000600000001,76.300007,6912100,58.997921999999996
2010-02-09,77.400001,78.90000699999999,76.480007,77.910007,8407400,60.24283199999999
2010-02-10,78.410003,78.920001,77.10000699999999,78.390002,6143400,60.613981
2010-02-11,78.460008,80.52000699999999,77.750001,80.460002,6473200,62.214580000000005
2010-02-12,79.210003,79.900008,78.290001,79.800007,6447600,61.704248
2010-02-16,81.000002,81.460003,79.88000600000001,81.180002,6069400,62.77131
2010-02-17,81.180002,81.440001,79.860005,80.940005,4948800,62.585736
2010-02-18,80.620008,81.180002,79.790006,80.990001,4291800,62.62439499999999
2010-02-19,80.77000600000001,82.000003,80.580005,81.510008,4040700,63.026483
2010-02-22,82.000003,82.120006,79.840003,80.010002,5533700,61.866624
2010-02-23,80.100002,80.420006,78.890006,79.010001,7647300,61.093387
2010-02-24,79.770005,79.950005,78.770003,79.550001,3812300,61.510934999999996
2010-02-25,77.99000600000001,79.180008,77.040001,79.03000300000001,5345700,61.108853
2010-02-26,79.530007,80.100002,78.670002,79.850004,4582700,61.74290799999999
2010-03-01,80.260008,81.120005,80.140005,80.750004,4339900,62.43881999999999
2010-03-02,81.230007,81.860007,80.900001,81.200004,4207800,62.786777
2010-03-03,81.530001,82.070001,80.84000400000001,81.030005,7040700,62.655327
2010-03-04,80.92000300000001,81.85000600000001,80.830003,81.25,4522500,62.825435999999996
2010-03-05,81.960008,82.240001,81.33000799999999,81.94000600000001,3997400,63.358973
2010-03-08,81.77000699999999,82.08000200000001,81.030005,81.49000600000001,3615200,63.265809
2010-03-09,80.900001,82.37000400000001,80.8,81.49000600000001,6382900,63.265809
2010-03-10,81.34,82.230008,80.990001,81.970001,4503600,63.638459
2010-03-11,81.65000400000001,82.45000300000001,81.440001,81.860007,4066000,63.553064
2010-03-12,82.38000500000001,82.49000699999999,81.43,81.840005,4109700,63.537535
2010-03-15,81.460003,81.64000300000001,80.170008,81.060007,3324200,62.931974
2010-03-16,81.58000600000001,82.45000300000001,80.930004,82.37000400000001,5751500,63.949006999999995
2010-03-17,82.65000500000001,83.74000600000001,82.520002,83.21000699999999,7276300,64.60115400000001
2010-03-18,82.880002,83.290006,81.530001,82.510001,4743700,64.057695
2010-03-19,82.580007,83.190005,81.840005,82.580007,7065900,64.112045
2010-03-22,81.540002,82.840006,81.260001,82.570006,3917600,64.104281
2010-03-23,82.570006,83.46000500000001,81.94000600000001,83.320001,7818800,64.686549
2010-03-24,82.870001,83.550005,82.360003,82.950008,5371400,64.3993
2010-03-25,83.74000600000001,83.950001,81.410007,81.510008,7045600,63.281337
2010-03-26,81.920004,82.060001,81.140007,81.730003,8414600,63.452133999999994
2010-03-29,82.240001,84.460006,81.94000600000001,84.140002,8482600,65.323167
2010-03-30,84.700004,84.810006,84.000005,84.27000600000001,5307300,65.424097
2010-03-31,84.360006,85.050003,83.890004,84.540006,5705500,65.63371500000001
2010-04-01,85.250005,86.97000600000001,85.250005,86.60000500000001,5664600,67.23302199999999
2010-04-05,87.010002,88.740004,86.810008,88.41000600000001,4796400,68.63824
2010-04-06,88.080001,88.800001,87.88000699999999,88.49000600000001,4476700,68.70034799999999
2010-04-07,88.05000600000001,88.080001,86.000008,86.300002,8799100,67.000111
2010-04-08,85.770003,86.780005,84.700004,86.580003,5882000,67.21749399999999
2010-04-09,86.610006,87.08000799999999,85.590003,86.560002,4717300,67.201965
2010-04-12,86.71000699999999,87.010002,86.31000300000001,86.790006,5159800,67.38053199999999
2010-04-13,86.340006,86.660003,84.74000699999999,85.690004,4644400,66.526531
2010-04-14,86.170007,86.190001,85.000007,86.16000600000001,5132800,66.891423
2010-04-15,86.040003,86.930003,85.310002,86.47000200000001,5026900,67.132092
2010-04-16,85.79000500000001,86.60000500000001,84.590002,85.060004,7121600,66.037423
2010-04-19,84.160004,84.82000699999999,83.400008,84.690003,4877300,65.750168
2010-04-20,85.590003,87.550002,85.390001,86.59000400000001,5035200,67.225258
2010-04-21,86.450008,87.220004,85.110008,85.88000500000001,4487600,66.674041
2010-04-22,85.050003,85.420004,84.210008,85.300001,4748000,66.223748
2010-04-23,85.450007,87.52000699999999,84.580001,87.48000400000001,4821900,67.91622
2010-04-26,87.660004,88.780007,87.180001,87.410005,4036300,67.861876
2010-04-27,86.820001,87.540001,84.040001,84.35000500000001,5725400,65.48620600000001
2010-04-28,84.870003,85.320003,83.870002,84.900006,5123900,65.913206
2010-04-29,84.930008,86.610006,84.72000600000001,86.250006,5670300,66.96129599999999
2010-04-30,86.640001,90.430002,86.420005,88.660005,10373000,68.832329
2010-05-03,89.170002,90.990004,88.980001,89.990003,6938300,69.864891
2010-05-04,88.010003,88.100003,85.250005,86.540008,6002600,67.186442
2010-05-05,85.02000799999999,85.27000699999999,82.340002,82.880002,9196000,64.34495
2010-05-06,82.340002,83.640005,74.200004,80.420006,12046400,62.435101
2010-05-07,80.27000100000001,81.610001,77.78000300000001,80.610007,12888700,62.582611
2010-05-10,83.230001,85.290008,82.630003,84.160004,8521300,65.338696
2010-05-11,83.080003,84.540006,82.640004,83.030007,5606500,64.46140799999999
2010-05-12,83.180004,85.000007,83.180004,84.750008,5142100,65.79675300000001
2010-05-13,84.390008,84.800005,83.230001,83.420002,4867700,64.764186
2010-05-14,82.73000400000001,83.250003,80.280002,81.960008,5694500,63.630701
2010-05-17,82.070001,82.570006,79.320004,80.530008,7264600,62.520502
2010-05-18,82.000003,82.77000799999999,80.570004,80.930004,8213600,62.83104399999999
2010-05-19,80.500006,80.990001,78.170006,79.540008,8225500,61.751903000000006
2010-05-20,77.620005,79.60000500000001,76.610003,77.660001,11205500,60.292334999999994
2010-05-21,76.080004,79.72000799999999,75.630004,79.410004,9453100,61.650973
2010-05-24,79.500004,79.640001,77.770002,77.900006,5899400,60.478666000000004
2010-05-25,76.000005,79.03000300000001,74.900003,78.940003,7865800,61.286081
2010-05-26,79.910001,80.40000500000001,77.930001,78.18000699999999,6841300,60.696049
2010-05-27,80.000001,82.520002,79.700006,82.430002,6581400,63.995587
2010-05-28,82.41000799999999,83.880003,81.620001,82.510001,6938800,64.057695
2010-06-01,81.500007,83.450004,80.000001,80.07000699999999,9814700,62.163375
2010-06-02,80.730002,81.93000500000001,79.420005,81.85000600000001,7531000,63.545299
2010-06-03,81.94000600000001,83.420002,80.20000300000001,82.920005,7384800,64.376007
2010-06-04,80.780007,81.77000699999999,77.590002,78.420004,8696300,60.882374
2010-06-07,78.80000600000001,80.450001,78.490002,78.740001,6087300,61.130807
2010-06-08,78.54000699999999,80.300004,78.090007,80.090001,5117100,62.480426
2010-06-09,81.310006,81.960008,79.39000300000001,79.97000600000001,5985700,62.386815000000006
2010-06-10,81.350001,83.650006,81.15000699999999,83.49000799999999,5604600,65.132865
2010-06-11,82.510001,85.110008,82.250002,85.010007,5932900,66.318659
2010-06-14,85.74000799999999,87.20000300000001,84.610004,84.71000500000001,6754100,66.08461899999999
2010-06-15,85.54000699999999,87.060006,85.18000699999999,86.740002,5170700,67.668275
2010-06-16,86.060005,87.780006,85.450007,87.08000799999999,4080400,67.933524
2010-06-17,87.380003,87.610007,85.54000699999999,86.620007,4317100,67.574664
2010-06-18,86.67000300000001,87.550002,86.180008,86.980007,5026700,67.85551
2010-06-21,88.120005,88.840005,85.10000699999999,85.80000600000001,6661000,66.93495899999999
2010-06-22,86.040003,86.35000699999999,83.390007,83.660007,5429700,65.265487
2010-06-23,83.190005,84.640006,82.700002,83.810005,4352700,65.382504
2010-06-24,83.57000699999999,83.99000500000001,81.080001,81.460003,5411200,63.549203000000006
2010-06-25,81.920004,82.690001,80.590006,81.730003,9866400,63.759837
2010-06-28,82.160002,82.49000699999999,80.640002,80.910002,3840700,63.12013100000001
2010-06-29,80.52000699999999,80.52000699999999,77.840001,78.520005,6217000,61.255629000000006
2010-06-30,78.730008,79.490004,77.070004,77.150003,6056500,60.186852
2010-07-01,77.370007,78.060004,75.440003,76.750007,6767600,59.874804000000005
2010-07-02,76.90000500000001,77.82000699999999,75.710003,76.370006,3777800,59.578355
2010-07-06,77.070004,78.410003,76.060002,77.000006,5161400,60.069835
2010-07-07,77.410002,79.620007,77.260005,79.580004,5803000,62.082563
2010-07-08,80.590006,81.260001,79.88000600000001,80.910002,4618600,63.12013100000001
2010-07-09,80.79000699999999,81.480005,80.450001,81.110004,4103300,63.276157999999995
2010-07-12,80.810001,81.790001,80.300004,80.910002,2744000,63.12013100000001
2010-07-13,81.910003,82.670007,81.630002,82.30000600000001,3783300,64.204512
2010-07-14,81.810002,82.690001,81.350001,82.070001,2810200,64.025079
2010-07-15,82.61000200000001,82.670007,80.27000100000001,82.100004,3825200,64.048485
2010-07-16,81.72000200000001,81.72000200000001,78.88000500000001,79.380002,5695200,61.926536
2010-07-19,79.690005,80.44000799999999,78.920001,79.52000600000001,3130600,62.035757
2010-07-20,78.500003,81.170001,78.500003,80.950006,3628200,63.151339
2010-07-21,81.350001,81.870008,79.480003,80.050005,4748600,62.449224
2010-07-22,81.34,82.630003,80.870007,82.120006,4366600,64.064089
2010-07-23,81.760006,82.170002,80.69000600000001,82.140008,4582800,64.079693
2010-07-26,82.180003,83.180004,82.030006,82.920005,4195900,64.688191
2010-07-27,83.010005,83.010005,79.380002,79.940004,6065500,62.363409
2010-07-28,79.97000600000001,80.500006,78.480002,78.88000500000001,4511900,61.536475
2010-07-29,79.490004,79.800007,77.200007,77.690003,6228800,60.608121
2010-07-30,77.080005,78.390002,76.860001,77.930001,3868500,60.79535
2010-08-02,79.60000500000001,80.89,79.260007,80.190002,4956200,62.558439
2010-08-03,79.380002,79.900008,78.55000799999999,78.670002,5751700,61.372645999999996
2010-08-04,78.55000799999999,79.560002,78.370008,78.79000500000001,5062200,61.466263
2010-08-05,78.110001,78.360007,77.02000699999999,77.600003,5780900,60.53791
2010-08-06,76.810005,77.360006,75.350003,76.33000200000001,6620300,59.547146999999995
2010-08-09,77.10000699999999,77.42000300000001,76.440004,76.950001,4746400,60.030825
2010-08-10,75.870001,78.14000300000001,75.85000699999999,77.810006,6528200,60.701739
2010-08-11,76.02000600000001,77.000006,75.90000400000001,76.340003,6431300,59.554949
2010-08-12,75.510001,77.250004,75.500008,76.460006,4144800,59.648566
2010-08-13,76.140001,76.800004,75.30000600000001,75.390006,3645200,58.81383
2010-08-16,75.140008,76.02000600000001,73.900001,75.90000400000001,4909500,59.211693000000004
2010-08-17,76.800004,77.150003,75.86,76.830007,3906600,59.937214000000004
2010-08-18,76.410001,76.530004,75.120006,75.620003,4839500,58.99325699999999
2010-08-19,75.390006,75.700002,74.260002,75.390006,4872900,58.81383
2010-08-20,74.760006,75.800003,74.470004,75.060001,5705900,58.556383999999994
2010-08-23,75.270004,76.390007,75.110005,75.570006,5137800,58.954253
2010-08-24,74.64000300000001,75.260003,73.760005,74.020004,5036900,57.745053000000006
2010-08-25,73.680006,73.680006,72.16000600000001,72.9,6623300,56.871306999999995
2010-08-26,73.53,74.120005,72.130004,72.230005,4901800,56.348625
2010-08-27,72.71000699999999,75.560005,72.47000200000001,75.420001,6022300,58.837230000000005
2010-08-30,75.020005,75.250002,73.760005,73.790008,4110000,57.565627
2010-08-31,73.49000500000001,74.250001,72.840003,73.08,4566000,57.01173000000001
2010-09-01,74.420008,77.000006,74.420008,76.860001,5517800,59.960614
2010-09-02,76.750007,77.840001,76.360005,77.840001,3436700,60.725138
2010-09-03,78.340005,78.920001,77.48,78.320003,3230400,61.099602000000004
2010-09-07,77.590002,77.600003,75.940007,76.450005,4001100,59.640764000000004
2010-09-08,76.02000600000001,77.3,76.02000600000001,77.220001,3683400,60.542387
2010-09-09,78.22000200000001,78.79000500000001,77.42000300000001,77.57,3314100,60.81679499999999
2010-09-10,77.770002,79.130003,77.770002,78.200001,3536900,61.310731000000004
2010-09-13,79.040003,79.260007,78.340005,78.610005,3361700,61.632183999999995
2010-09-14,78.620006,79.16000600000001,78.050003,78.370008,2584200,61.444019999999995
2010-09-15,77.690003,78.43000500000001,77.500002,78.14000300000001,2761700,61.263691
2010-09-16,77.970004,78.250005,76.080004,76.450005,5362600,59.938691000000006
2010-09-17,76.77000100000001,77.02000699999999,75.790002,76.200006,7412700,59.742686
2010-09-20,76.370006,77.600003,76.230001,77.230002,3510000,60.550228000000004
2010-09-21,77.500002,77.510003,75.910005,76.920007,3657900,60.307184
2010-09-22,77.010007,77.940001,75.710003,75.940007,4213900,59.53884
2010-09-23,75.38000500000001,75.38000500000001,74.040006,74.57000500000001,5653400,58.464725
2010-09-24,75.180003,76.440004,74.77000699999999,76.300007,6632800,59.821089
2010-09-27,76.090005,76.350004,74.660005,74.81000300000001,6935600,58.652888
2010-09-28,75.13000699999999,75.690001,73.860006,75.510001,5371800,59.20170400000001
2010-09-29,74.980002,76.950001,74.77000699999999,76.63000500000001,5982500,60.079815
2010-09-30,77.260005,78.710006,77.13000100000001,78.300002,7732500,61.389134
2010-10-01,79.11000200000001,81.990002,78.90000699999999,80.77000600000001,9173200,63.325678
2010-10-04,80.12000400000001,81.72000200000001,80.12000400000001,80.590006,4631000,63.184553
2010-10-05,81.24000699999999,82.73000400000001,81.07,82.460004,6204700,64.650679
2010-10-06,82.30000600000001,83.410001,82.220007,82.930006,4101500,65.019172
2010-10-07,83.110006,83.310008,81.21000500000001,82.390006,3911000,64.595798
2010-10-08,82.670007,83.390007,81.990002,83.180004,2901900,65.215176
2010-10-11,83.010005,83.890004,83.000004,83.720005,2683800,65.63855
2010-10-12,83.450004,84.000005,82.100004,83.230001,4538500,65.254375
2010-10-13,83.880003,84.940001,83.77000100000001,84.29000699999999,4327000,66.08544599999999
2010-10-14,84.35000500000001,85.500003,84.140002,84.910007,4333300,66.571541
2010-10-15,85.390001,85.480001,84.220001,84.940001,3791000,66.595057
2010-10-18,84.78000300000001,85.920009,84.440005,85.450007,3726000,66.994914
2010-10-19,83.950001,84.42000300000001,80.060006,81.200004,9876100,63.662806999999994
2010-10-20,81.16,81.450002,79.59000400000001,80.970007,7590100,63.482484
2010-10-21,81.440001,81.450002,78.050003,78.80000600000001,9104000,61.78115
2010-10-22,79.320004,79.850004,78.650001,79.580004,4501200,62.392687
2010-10-25,80.33000600000001,81.000002,80.000001,80.060006,4549200,62.769020999999995
2010-10-26,79.530007,79.610006,78.720007,79.040003,6838600,61.969314000000004
2010-10-27,78.280008,79.480003,77.78000300000001,79.410004,6938300,62.259403000000006
2010-10-28,80.08000799999999,80.12000400000001,78.780004,78.87000400000001,3411500,61.83603000000001
2010-10-29,78.640008,79.140004,78.210002,78.63000699999999,3552400,61.647866
2010-11-01,79.76000400000001,80.730002,79.540008,79.83000200000001,4727000,62.588692
2010-11-02,80.44000799999999,82.230008,80.350008,81.510008,4773700,63.905857999999995
2010-11-03,81.980001,82.420001,80.08000799999999,81.72000200000001,5063500,64.070499
2010-11-04,83.080003,84.82000699999999,82.980003,84.490001,6626900,66.242246
2010-11-05,84.230002,84.870003,83.500001,84.230002,3823500,66.03840100000001
2010-11-08,83.420002,84.490001,83.300007,84.27000600000001,2886700,66.069764
2010-11-09,84.27000600000001,85.47000799999999,83.560006,84.010006,3575500,65.86591899999999
2010-11-10,84.200007,84.74000699999999,82.97000200000001,84.600003,3844100,66.32849
2010-11-11,84.040001,88.41000600000001,83.83000600000001,87.770005,9069200,68.813851
2010-11-12,87.060006,88.230006,86.52000600000001,87.460002,6122100,68.5708
2010-11-15,87.210004,88.60000699999999,86.850003,87.750004,4246700,68.798169
2010-11-16,86.660003,86.790006,84.240003,85.170006,6104300,66.775387
2010-11-17,85.08000600000001,85.90000699999999,84.63000600000001,85.650008,3451200,67.151721
2010-11-18,86.88000600000001,88.420007,86.770004,87.32000500000001,4049900,68.461039
2010-11-19,87.260008,88.270002,86.750003,88.190003,4367600,69.143139
2010-11-22,87.88000699999999,88.900002,86.690005,88.470004,3935500,69.362667
2010-11-23,87.110003,88.370003,86.860004,88.080001,4984100,69.056895
2010-11-24,88.72000200000001,89.120006,87.950005,88.94000600000001,3607800,69.73116
2010-11-26,88.460003,89.120006,87.450001,87.650003,1449800,68.719766
2010-11-29,87.40000400000001,89.30000600000001,87.160007,88.980001,3632200,69.762517
2010-11-30,88.15000699999999,89.49000699999999,87.48000400000001,88.170001,4792500,69.12745699999999
2010-12-01,89.270003,90.730005,88.900002,90.250002,4609000,70.758229
2010-12-02,90.33000200000001,91.070003,90.030007,90.74000600000001,6059100,71.142404
2010-12-03,90.590009,91.940001,90.450004,91.74000699999999,3387700,71.92643000000001
2010-12-06,91.310001,93.430006,91.150003,93.050004,3699200,72.9535
2010-12-07,94.04000400000001,94.940004,92.680003,92.720007,5254800,72.694774
2010-12-08,92.370007,93.170007,90.360004,90.89000300000001,5015400,71.553251
2010-12-09,91.410002,91.63000500000001,90.320009,91.070003,3400600,71.694956
2010-12-10,92.610005,93.200001,91.770002,93.040003,4893600,73.245841
2010-12-13,94.160007,95.760005,93.55000799999999,93.88000600000001,6323200,73.907134
2010-12-14,94.160007,94.900009,93.510005,94.100002,2699000,74.080325
2010-12-15,93.620007,94.92000300000001,93.620007,94.80000799999999,4099200,74.63140600000001
2010-12-16,94.72000899999999,94.960006,93.420005,94.840003,3725000,74.66289300000001
2010-12-17,94.930003,95.670005,94.40000400000001,95.200004,5056600,74.946303
2010-12-20,95.430008,95.750005,94.450009,95.470004,2289400,75.158861
2010-12-21,95.580005,97.13000699999999,95.420007,96.630003,3087900,76.07207199999999
2010-12-22,96.600008,97.90000400000001,96.310006,97.760008,3015900,76.961669
2010-12-23,97.770009,98.02000699999999,97.250002,97.440003,1983800,76.709745
2010-12-27,96.890002,97.510001,96.610001,96.870008,2101400,76.261016
2010-12-28,97.09000400000001,98.130009,96.920005,97.700002,2485000,76.91443000000001
2010-12-29,98.150002,99.570009,97.730005,99.03000899999999,2493000,77.961479
2010-12-30,98.890004,99.290008,97.500008,97.61000200000001,3359000,76.843577
2010-12-31,97.61000200000001,98.680002,97.350003,98.10000600000001,2630400,77.229333
2011-01-03,98.790003,99.15000400000001,97.850008,98.000005,3731000,77.150607
2011-01-04,98.38000699999999,98.500002,94.290002,96.66000600000001,6730200,76.095691
2011-01-05,96.22000600000001,97.590008,95.36000200000001,97.02000600000001,3748600,76.379102
2011-01-06,97.280005,97.57000699999999,95.85000500000001,96.460004,3931300,75.93824000000001
2011-01-07,96.620002,97.160002,95.580005,96.190004,3968000,75.72568199999999
2011-01-10,95.620009,96.400006,95.05000600000001,95.790008,3999300,75.410785
2011-01-11,96.350002,97.230008,95.690007,96.920005,4214100,76.300376
2011-01-12,98.000005,98.230002,97.030007,97.500008,4918400,76.756985
2011-01-13,97.790002,97.850008,95.710009,96.420008,4716900,75.90675300000001
2011-01-14,96.24000799999999,97.47000600000001,95.88000799999999,97.320008,3690000,76.615279
2011-01-18,97.150001,98.760009,97.000004,98.55000600000001,3298700,77.583596
2011-01-19,98.770002,98.99000500000001,97.82000500000001,98.270005,3368000,77.36316500000001
2011-01-20,97.38000600000001,97.89000300000001,95.93000500000001,96.410007,4749700,75.89888
2011-01-21,97.630004,98.33000200000001,96.65000500000001,97.97000200000001,4208700,77.126988
2011-01-24,97.600001,98.000005,96.85000699999999,97.180004,3865100,76.505061
2011-01-25,97.110006,97.280005,95.800009,97.150001,4152500,76.481441
2011-01-26,95.950006,97.250002,94.020002,96.940007,10204500,76.316122
2011-01-27,97.340002,98.200007,95.64000300000001,96.970001,5519100,76.339736
2011-01-28,96.700001,97.180004,93.700006,93.810008,9861400,73.852027
2011-01-31,94.060006,96.700001,93.250006,96.68000699999999,6657100,76.111438
2011-02-01,97.790002,99.75000899999999,97.520002,98.930008,7000500,77.88275300000001
2011-02-02,98.730006,99.14000300000001,98.18000500000001,98.66000799999999,3960200,77.67019499999999
2011-02-03,98.530004,98.530004,96.120005,98.18000500000001,3969800,77.29231300000001
2011-02-04,98.470007,98.560007,96.980002,97.510001,3528600,76.76485100000001
2011-02-07,97.590008,98.070003,97.04000699999999,97.54000400000001,3321800,76.788471
2011-02-08,97.83000600000001,98.22000899999999,96.860007,97.760008,3013000,76.961669
2011-02-09,97.260003,98.450005,96.270003,97.250002,4601800,76.560167
2011-02-10,97.22000799999999,98.970003,96.560005,98.930008,4135800,77.88275300000001
2011-02-11,98.480008,101.000008,97.750007,99.74000799999999,4385100,78.520427
2011-02-14,99.860003,101.380002,99.500003,101.250007,3297500,79.709175
2011-02-15,101.140005,104.990004,100.67000300000001,103.070009,7651500,81.141973
2011-02-16,103.61000899999999,105.33000200000001,102.980009,105.020007,4511000,82.677111
2011-02-17,104.160002,106.250004,104.120006,105.85000900000001,3420800,83.33053100000001
2011-02-18,107.100008,107.56000900000001,105.270005,107.37000800000001,5274900,84.527152
2011-02-22,104.41000799999999,106.770003,101.590005,102.140006,9236100,80.409827
2011-02-23,102.550003,104.990004,102.550003,102.96000699999999,7591900,81.055374
2011-02-24,103.94000600000001,104.40000699999999,101.500005,101.76000400000001,5434400,80.110671
2011-02-25,102.390004,103.29000400000001,101.660003,103.100004,3018200,81.165587
2011-02-28,103.32000699999999,103.97000899999999,101.24000600000001,101.970007,5516600,80.275995
2011-03-01,104.120006,104.480006,100.060005,100.220003,4389300,78.898303
2011-03-02,100.47000899999999,101.33000600000001,99.450006,100.790006,4032700,79.347038
2011-03-03,101.710008,103.560005,101.210003,103.410007,4331500,81.409637
2011-03-04,103.110004,103.780008,101.670004,103.150008,4399900,81.204953
2011-03-07,103.93000500000001,105.820006,103.360003,103.530002,4498800,81.504103
2011-03-08,103.660005,103.660005,100.690005,100.920009,4917400,79.803969
2011-03-09,101.220004,102.650003,100.700006,100.870005,3903600,79.764427
2011-03-10,99.930009,99.940002,96.800002,97.430002,4427000,77.044195
2011-03-11,96.620002,99.160004,96.310006,98.750008,3608800,78.088009
2011-03-14,97.880002,99.46000699999999,97.160002,99.02000799999999,3775600,78.30151500000001
2011-03-15,96.120005,98.770002,95.04000500000001,97.97000200000001,4648900,77.47120799999999
2011-03-16,97.640005,98.70000300000001,94.730002,95.93000500000001,5552000,75.85805
2011-03-17,97.650006,98.70000300000001,96.870008,97.86000899999999,4505700,77.384229
2011-03-18,99.160004,101.210003,97.550005,98.33000200000001,5781900,77.755883
2011-03-21,99.58000200000001,101.540008,99.370007,100.980007,4601800,79.851413
2011-03-22,100.510005,101.640001,99.850002,100.16000600000001,3625800,79.202985
2011-03-23,100.18000699999999,100.730008,99.400002,100.100008,2624400,79.155541
2011-03-24,100.430006,100.810007,99.520004,99.79000500000001,4221700,78.91040100000001
2011-03-25,99.900006,101.780006,99.450006,100.850003,4438900,79.748611
2011-03-28,100.840002,102.48000400000001,100.60000500000001,100.870005,2777800,79.764427
2011-03-29,100.740009,103.830005,100.500004,103.790009,3920800,82.073463
2011-03-30,104.310007,105.000005,102.97000799999999,103.760006,2642500,82.049738
2011-03-31,104.080003,105.770009,103.950007,104.49000699999999,3759400,82.626997
2011-04-01,105.880003,105.99000500000001,103.860007,104.30000600000001,3369200,82.47675100000001
2011-04-04,104.38000600000001,105.080004,103.420008,103.520009,2933500,81.859957
2011-04-05,102.280002,104.17000300000001,101.570003,102.730003,4629900,81.235248
2011-04-06,103.460004,103.460004,100.750002,101.04000400000001,3282500,79.89885699999999
2011-04-07,100.660002,101.69000600000001,99.810006,101.130004,3342900,79.970025
2011-04-08,102.000002,104.140008,101.88000699999999,103.720003,4474300,82.018105
2011-04-11,103.920005,104.000004,100.18000699999999,100.420005,5323500,79.408583
2011-04-12,99.680003,99.810006,96.500007,96.900003,5718300,76.62509
2011-04-13,96.790001,97.89000300000001,96.440002,96.890002,3870500,76.617182
2011-04-14,97.350003,97.880002,96.25000899999999,97.550005,4060700,77.139089
2011-04-15,97.060001,98.820006,96.350002,98.760009,4393600,78.095917
2011-04-18,97.250002,97.360004,95.670005,97.060001,3366700,76.751611
2011-04-19,97.240001,99.170005,96.620002,98.710004,5009500,78.056375
2011-04-20,100.07000500000001,101.07000699999999,99.010007,100.860004,3897100,79.756519
2011-04-21,100.920009,101.140005,99.71000500000001,100.530006,3225100,79.49556899999999
2011-04-25,100.300002,100.570002,98.830007,100.390002,2214100,79.384858
2011-04-26,101.100009,103.090003,100.320004,102.910003,5731000,81.377585
2011-04-27,103.050007,103.500007,101.000008,103.000003,4034800,81.44875400000001
2011-04-28,103.000003,105.440004,101.300003,105.130008,6597600,83.133087
2011-04-29,106.030009,114.550008,105.92000700000001,114.29000900000001,15421600,90.376491
2011-05-02,115.11001,117.890009,114.08000600000001,115.74001000000001,9937200,91.523101
2011-05-03,114.830009,115.17000700000001,110.45000300000001,111.640005,6769900,88.280962
2011-05-04,111.480006,111.480006,107.60000500000001,108.89000700000001,7428700,86.10636099999999
2011-05-05,107.860004,109.05000600000001,104.83000600000001,105.960002,7133600,83.789417
2011-05-06,106.870003,109.500006,105.140009,106.42000300000001,5235100,84.15316999999999
2011-05-09,106.49001000000001,108.40000400000001,104.720004,107.480002,5919600,84.99137900000001
2011-05-10,107.44000600000001,107.74000900000001,106.140002,106.980005,4296600,84.595999
2011-05-11,106.370007,106.700004,102.85000500000001,103.630003,5304400,81.946936
2011-05-12,104.290006,104.290006,102.24000699999999,103.090003,5615900,81.51992299999999
2011-05-13,103.510008,103.77000699999999,100.930002,102.36000200000001,4193800,80.94266400000001
2011-05-16,101.870006,103.500007,100.690005,101.000008,4082100,79.86722900000001
2011-05-17,100.60000500000001,102.690007,99.690004,101.40000400000001,4673300,80.183532
2011-05-18,101.660003,103.85000600000001,100.91000799999999,102.20000300000001,6275400,80.81614300000001
2011-05-19,102.210004,102.85000500000001,100.120002,100.380009,5576700,79.376956
2011-05-20,100.140004,101.120003,99.10000699999999,100.400003,5684600,79.39276600000001
2011-05-23,99.060004,99.920008,98.250003,98.950002,3783900,78.246157
2011-05-24,100.35000600000001,103.020004,100.040003,102.500006,7857000,81.053375
2011-05-25,101.250007,104.800003,101.200002,104.220007,7280300,82.41349100000001
2011-05-26,104.220007,105.500009,103.08000200000001,104.990004,4464800,83.022377
2011-05-27,105.290007,108.150006,105.290007,106.57000900000001,4898300,84.271789
2011-05-31,108.210003,108.990008,107.00000700000001,107.850003,6390400,85.283963
2011-06-01,107.840002,108.120003,103.340009,103.68000699999999,4710200,81.986478
2011-06-02,103.890002,104.95000800000001,102.270002,103.790009,3531900,82.073463
2011-06-03,101.730001,105.240002,101.730001,104.200006,3626000,82.397674
2011-06-06,104.240009,104.53000300000001,101.500005,101.940004,3539600,80.610545
2011-06-07,102.950006,103.25000899999999,101.04000400000001,101.460009,3729800,80.230982
2011-06-08,101.340007,103.980002,101.340007,102.49000500000001,4216300,81.41458399999999
2011-06-09,103.13000600000001,104.920006,102.780007,103.960008,3861000,82.582305
2011-06-10,103.350002,104.500008,102.53000899999999,103.390005,5187200,82.129514
2011-06-13,103.380004,104.670007,101.590005,102.140006,4882200,81.136557
2011-06-14,104.190005,105.410009,103.77000699999999,104.78000899999999,4105400,83.23368599999999
2011-06-15,103.57000500000001,104.150009,101.60000600000001,102.15000699999999,5335500,81.144501
2011-06-16,101.540008,103.97000899999999,101.190009,102.820003,4138900,81.676723
2011-06-17,103.890002,104.04000699999999,101.27000799999999,102.190002,4933800,81.176272
2011-06-20,101.490004,102.620009,100.60000500000001,101.500005,3710000,80.628162
2011-06-21,102.16000799999999,103.480005,101.580004,102.40000500000001,4342400,81.343091
2011-06-22,101.840003,103.070009,100.67000300000001,100.930002,5353900,80.175371
2011-06-23,98.570008,99.430004,96.750006,99.39000899999999,7276500,78.952053
2011-06-24,99.590003,99.900006,98.160003,98.460006,5272100,78.21329
2011-06-27,97.97000200000001,99.550007,97.770009,98.930008,3658200,78.58664300000001
2011-06-28,99.480009,101.000008,99.170005,100.930002,5038600,80.175371
2011-06-29,101.410005,103.430009,101.120003,102.88000799999999,5633400,81.724389
2011-06-30,103.400006,104.640005,103.230007,104.04000699999999,4658400,82.645854
2011-07-01,104.04000699999999,105.770009,102.210004,105.520003,3350200,83.821512
2011-07-05,105.600002,107.500004,105.490008,106.750009,3434100,84.798587
2011-07-06,106.91000700000001,106.99000600000001,105.33000200000001,105.790003,2625100,84.03599100000001
2011-07-07,107.100008,107.890006,106.590003,107.60000500000001,2782200,85.473795
2011-07-08,106.050002,107.130003,105.500009,106.27000600000001,2599700,84.417289
2011-07-11,104.520002,105.92000700000001,101.370009,101.76000400000001,5141000,80.834696
2011-07-12,101.250007,103.94000600000001,100.950004,102.030004,3636300,81.049175
2011-07-13,102.700008,104.690009,102.570004,102.97000799999999,2654900,81.79588199999999
2011-07-14,103.58000600000001,104.96000900000001,103.200004,103.360003,4421700,82.105681
2011-07-15,103.830005,105.55000600000001,103.49000600000001,105.340003,4953900,83.678526
2011-07-18,104.630004,105.570008,104.500008,105.26000400000001,3262900,83.61497800000001
2011-07-19,106.240003,107.60000500000001,105.860009,106.970004,3254000,84.973344
2011-07-20,107.050004,107.29000900000001,105.85000900000001,106.19000700000001,2896000,84.35374
2011-07-21,107.190008,109.080008,106.92000800000001,108.08000700000001,4905100,85.85509300000001
2011-07-22,108.00000800000001,108.230005,106.690003,107.88000500000001,2013800,85.696218
2011-07-25,106.050002,108.10000900000001,105.860009,107.37000800000001,3110100,85.291093
2011-07-26,105.76000900000001,107.07000500000001,104.53000300000001,104.83000600000001,5723100,83.273401
2011-07-27,102.52000799999999,102.52000799999999,100.650009,101.40000400000001,7948500,80.548725
2011-07-28,101.40000400000001,101.780006,99.63000600000001,99.75000899999999,5834700,79.238024
2011-07-29,98.690003,99.540006,98.040009,98.18000500000001,7291700,77.99086700000001
2011-08-01,99.730007,99.940002,96.940007,97.780001,6269100,77.673117
2011-08-02,96.930006,97.57000699999999,94.490004,94.60000600000001,7147100,75.147037
2011-08-03,94.80000799999999,95.100003,92.000006,94.230005,7369700,74.85311999999999
2011-08-04,92.27000600000001,92.540006,87.650003,87.760005,9703900,69.713571
2011-08-05,89.670007,90.22000799999999,84.840008,87.340007,9012200,69.37994
2011-08-08,84.680002,85.760002,79.180008,79.63000799999999,12907700,63.255378
2011-08-09,82.060001,84.620005,78.770003,84.410002,14702900,67.05244300000001
2011-08-10,82.89000300000001,84.530005,80.8,81.25,9075800,64.542245
2011-08-11,81.750005,85.970005,81.64000300000001,84.800005,10711500,67.362248
2011-08-12,85.79000500000001,86.680004,84.000005,85.120001,4780200,67.616442
2011-08-15,85.670002,89.37000400000001,85.63000699999999,89.310007,6217600,70.944841
2011-08-16,87.80000799999999,88.550003,85.670002,87.370002,6756900,69.403767
2011-08-17,89.540003,90.49000799999999,87.300004,87.610007,5692800,69.59441899999999
2011-08-18,85.340005,85.340005,81.52,82.750006,9701700,65.733799
2011-08-19,81.620001,83.720005,80.650003,80.910002,7538500,64.272162
2011-08-22,83.310008,83.720005,79.59000400000001,80.460002,5528700,63.914697
2011-08-23,80.570004,82.710003,79.780005,82.690001,7035700,65.686132
2011-08-24,82.30000600000001,83.300007,81.470004,83.080003,5328300,65.995937
2011-08-25,83.49000799999999,84.13000100000001,80.760005,81.28000300000001,4553800,64.566078
2011-08-26,80.570004,82.580007,79.11000200000001,82.090003,5054700,65.209515
2011-08-29,83.480007,85.160005,82.360003,85.060004,4964800,67.568783
2011-08-30,84.470007,86.540008,83.870002,86.100001,6113900,68.394921
2011-08-31,86.980007,88.610008,85.760002,86.740002,6227500,68.903316
2011-09-01,87.110003,88.700008,85.83000899999999,85.90000699999999,4028300,68.236052
2011-09-02,83.510002,84.480008,82.830005,83.410001,4208000,66.258076
2011-09-06,80.910002,82.840006,79.420005,82.720003,5245600,65.709965
2011-09-07,83.910005,84.570008,83.420002,84.540006,4581500,67.531253
2011-09-08,84.080005,85.260006,82.750006,83.21000699999999,4571300,66.468839
2011-09-09,82.120006,82.620002,79.750003,80.540001,5666600,64.336016
2011-09-12,78.99000699999999,80.420006,77.150003,79.540008,9444000,63.537213
2011-09-13,79.920002,81.000002,78.820008,80.450001,6421600,64.264123
2011-09-14,80.990001,83.790003,79.580004,82.830005,5499300,66.16529
2011-09-15,83.950001,84.590002,82.960001,84.410002,3965100,67.42740500000001
2011-09-16,84.880004,85.050003,82.350002,83.320001,6905500,66.556703
2011-09-19,81.870008,82.990003,80.84000400000001,82.460004,4128800,65.86973
2011-09-20,83.150002,83.93000699999999,80.590006,80.780007,5604300,64.527734
2011-09-21,80.660004,80.780007,76.21000699999999,76.320001,6897200,60.965044999999996
2011-09-22,73.300004,73.910002,70.46000699999999,71.90000699999999,11487400,57.434318000000005
2011-09-23,70.63000600000001,73.760005,69.90000500000001,72.260007,8062800,57.721889000000004
2011-09-26,72.850004,77.180006,71.64,76.99000500000001,8867300,61.50025
2011-09-27,79.290002,81.060007,77.980005,78.450007,8247000,62.666512
2011-09-28,77.600003,78.840002,74.740004,74.990003,5112600,59.902632
2011-09-29,77.240003,77.35000500000001,73.84000400000001,75.350003,5514000,60.190203000000004
2011-09-30,73.160007,73.77000600000001,71.320004,71.500004,8261200,57.114792
2011-10-03,71.390002,71.73,68.330001,68.580007,8349700,54.782275
2011-10-04,67.470004,73.53,66.360005,73.26,10941600,58.520692000000004
2011-10-05,74.740004,76.10000500000001,74.000002,75.720004,8106600,60.485762
2011-10-06,76.150002,79.540008,75.830005,78.560001,6960500,62.754376
2011-10-07,78.960004,79.530007,76.610003,77.250004,6458900,61.707939
2011-10-10,78.940003,81.700001,78.940003,81.660005,4126000,65.230684
2011-10-11,80.570004,82.500008,80.20000300000001,80.89,4484900,64.61559799999999
2011-10-12,81.510008,83.440004,81.000002,81.010003,5642800,64.711458
2011-10-13,80.210004,81.970001,79.050004,81.500007,4566600,65.102877
2011-10-14,83.060002,85.47000799999999,83.060002,85.420004,4929800,68.23420300000001
2011-10-17,84.760001,85.780004,82.470005,82.680008,4727300,66.04547099999999
2011-10-18,82.520002,85.670002,81.610001,84.980005,6711900,67.882728
2011-10-19,84.71000500000001,86.440007,83.360004,83.950001,4792400,67.059952
2011-10-20,83.98000400000001,85.38000799999999,82.800003,84.590002,5130400,67.57119
2011-10-21,85.850002,87.250007,85.18000699999999,86.740002,4795500,69.288628
2011-10-24,86.760003,88.170001,86.420005,87.310004,3468900,69.743951
2011-10-25,87.08000799999999,87.550002,84.66000799999999,85.14000300000001,4458000,68.010536
2011-10-26,86.35000699999999,87.43000699999999,84.620005,87.20000300000001,4724200,69.65608
2011-10-27,90.49000799999999,97.21000699999999,90.49000799999999,95.660005,11210900,76.413999
2011-10-28,95.450002,98.38000699999999,95.430008,97.770009,5980700,78.099488
2011-10-31,95.060007,95.900002,92.88000500000001,92.940002,6791700,74.24123900000001
2011-11-01,88.830004,92.090006,87.32000500000001,90.550005,8082100,72.33209000000001
2011-11-02,92.540006,93.55000799999999,91.480008,93.19000799999999,4427900,74.440946
2011-11-03,94.460002,95.370003,92.95000300000001,95.210004,4305900,76.054536
2011-11-04,94.830003,97.93000699999999,94.570003,97.640005,5772600,77.99564000000001
2011-11-07,97.990004,99.680003,96.280004,98.520003,4809700,78.69859
2011-11-08,99.46000699999999,101.650002,98.760009,101.290002,7273300,80.911288
2011-11-09,97.420001,99.200008,95.900002,96.510008,6959300,77.092989
2011-11-10,98.360005,99.35000500000001,96.160009,98.140002,3610700,78.395041
2011-11-11,99.670002,100.700006,99.400002,99.810006,3646700,79.729055
2011-11-14,98.830007,99.550007,97.09000400000001,97.810004,3709900,78.131437
2011-11-15,97.330001,99.530005,96.750006,98.810005,5504500,78.930246
2011-11-16,98.18000500000001,100.88000600000001,97.400008,97.600001,5522200,77.963685
2011-11-17,97.390007,97.74000600000001,93.400003,94.43000699999999,5125300,75.431467
2011-11-18,95.24000699999999,95.670005,93.370008,94.32000500000001,4386800,75.343597
2011-11-21,93.070006,93.340006,91.65000699999999,92.400002,4444900,73.809883
2011-11-22,92.600004,92.920008,90.750007,91.63000500000001,4255300,73.19480300000001
2011-11-23,90.360004,90.46000500000001,87.750004,87.770005,5047900,70.111403
2011-11-25,87.540001,89.04000699999999,86.690005,86.690005,2201800,69.24869
2011-11-28,89.100004,91.250004,88.990002,90.630004,4653000,72.39599399999999
2011-11-29,90.83000600000001,93.200001,90.630004,92.190007,4639400,73.642137
2011-11-30,96.100004,99.10000699999999,95.860006,98.90000500000001,6733800,79.002139
2011-12-01,98.210008,99.200008,96.340009,96.830005,5396600,77.348605
2011-12-02,97.61000200000001,98.280006,95.700008,95.920004,4418400,76.621689
2011-12-05,98.250003,99.980005,96.960008,98.22000899999999,5566400,78.458952
2011-12-06,98.350004,98.460006,96.700001,97.160002,3684400,77.61221
2011-12-07,95.820003,97.000004,94.670004,96.270003,5302700,77.26709100000001
2011-12-08,94.950005,96.170002,92.310002,92.670002,4671900,74.377701
2011-12-09,92.720007,94.640002,92.600004,94.40000400000001,3902600,75.766215
2011-12-12,92.500003,92.500003,89.960009,91.78000300000001,4854600,73.66338
2011-12-13,92.590003,94.200002,90.730005,91.680002,5001000,73.583119
2011-12-14,90.420002,90.93000699999999,88.010003,88.420007,4652900,70.96662099999999
2011-12-15,89.13000699999999,90.240002,86.940003,87.52000699999999,4730600,70.24427299999999
2011-12-16,88.460003,89.460004,87.550002,89.270003,6670200,71.648834
2011-12-19,89.40000699999999,89.49000699999999,87.03000300000001,87.32000500000001,4016200,70.08375
2011-12-20,89.510008,92.490002,89.40000699999999,92.170006,4731200,73.9764
2011-12-21,92.570001,93.35000699999999,91.160004,93.110001,3770200,74.730848
2011-12-22,93.260007,94.420006,92.610005,94.210003,3621200,75.61371899999999
2011-12-23,94.72000899999999,94.930003,93.760003,94.620008,2371400,75.942792
2011-12-27,94.420006,95.660005,94.270009,95.450002,1836500,76.608952
2011-12-28,95.390004,95.540002,92.710006,92.850002,2995800,74.522171
2011-12-29,93.260007,93.88000600000001,92.58000200000001,93.72000799999999,2584800,75.220444
2011-12-30,93.290001,94.370002,93.290001,93.700006,2366600,75.204391
2012-01-03,96.73000400000001,97.870001,95.420007,96.630003,4531800,77.55603
2012-01-04,96.440002,97.350003,95.690007,96.920005,3915500,77.788788
2012-01-05,96.780008,97.200006,95.320006,96.150008,3660800,77.170783
2012-01-06,96.940007,97.04000699999999,94.79000699999999,95.77000600000001,3180200,76.86579
2012-01-09,95.65000400000001,97.430002,95.620009,96.930006,3472800,77.79681500000001
2012-01-10,98.730006,99.420004,97.47000600000001,97.880002,4539400,78.55929
2012-01-11,97.17000300000001,97.500008,96.000003,96.58000600000001,3554300,77.51590300000001
2012-01-12,96.68000699999999,99.760002,96.600008,97.82000500000001,6503500,78.511136
2012-01-13,97.160002,97.640005,96.230007,97.620003,4229900,78.350613
2012-01-17,99.130002,100.23000400000001,98.840008,99.300009,4193600,79.698999
2012-01-18,99.410003,101.000008,98.10000600000001,100.930002,4517900,81.007245
2012-01-19,101.260008,101.260008,99.300009,99.860003,4308800,80.148455
2012-01-20,100.460008,100.59000400000001,98.460006,100.370008,5228600,80.557789
2012-01-23,101.570003,102.420007,99.850002,102.060007,5253100,81.91419599999999
2012-01-24,100.640008,101.480003,99.530005,100.920009,4948800,80.999224
2012-01-25,101.310004,103.830005,99.160004,103.460004,6445900,83.03784499999999
2012-01-26,103.410007,103.660005,99.860003,100.19000799999999,5138300,80.41332
2012-01-27,99.640007,101.47000200000001,99.540006,100.250006,3758700,80.461474
2012-01-30,98.98000400000001,99.930009,98.10000600000001,99.620005,4054000,79.955831
2012-01-31,100.420005,100.610006,98.520003,99.770003,4280600,80.07621999999999
2012-02-01,100.390002,100.780005,98.91000600000001,99.300009,4413000,79.698999
2012-02-02,99.39000899999999,99.82000699999999,97.370005,98.480008,4376100,79.040859
2012-02-03,100.11000899999999,102.870007,99.230003,102.630002,4477900,82.371678
2012-02-06,101.990009,104.000004,101.500005,104.000004,3278100,83.471253
2012-02-07,104.10000500000001,105.250003,103.100004,104.840007,4972800,84.14544599999999
2012-02-08,105.63000500000001,105.63000500000001,102.700008,103.800002,3842800,83.31073
2012-02-09,103.910004,105.56000700000001,103.640004,104.230008,3126300,83.655857
2012-02-10,102.570004,102.800009,101.610007,102.700008,3558700,82.42786600000001
2012-02-13,103.830005,104.17000300000001,102.900002,104.060009,2421700,83.519414
2012-02-14,104.240009,104.910005,103.25000899999999,104.000004,3568900,83.471253
2012-02-15,104.640005,104.650006,103.280004,103.760006,2848000,83.27862900000001
2012-02-16,104.160002,104.580007,103.08000200000001,104.33000899999999,3224900,83.736118
2012-02-17,104.690009,104.95000800000001,103.08000200000001,103.920005,3089500,83.407045
2012-02-21,104.800003,105.240002,103.920005,104.41000799999999,3480500,83.800326
2012-02-22,103.260002,104.000004,102.760005,103.260002,3605600,82.87732199999999
2012-02-23,103.520009,104.760007,102.940005,104.670007,3239000,84.009004
2012-02-24,104.78000899999999,104.86000800000001,103.460004,103.860007,3868100,83.358891
2012-02-27,103.350002,104.86000800000001,103.000003,104.49000699999999,3261500,83.86453399999999
2012-02-28,104.650006,106.680003,104.550005,105.460006,3738400,84.643063
2012-02-29,105.380007,106.320002,104.05000799999999,104.370005,5166800,83.76821899999999
2012-03-01,104.800003,105.420002,103.480005,104.87000900000001,3821400,84.169527
2012-03-02,104.500008,104.710003,103.700009,104.360004,2926300,83.760192
2012-03-05,104.120006,104.430002,102.450002,103.520009,3273800,83.086005
2012-03-06,101.480003,101.810009,100.390002,101.03000300000001,5198000,81.087506
2012-03-07,100.870005,100.97000600000001,99.700005,99.890005,4576400,80.603348
2012-03-08,101.120003,101.52000699999999,100.510005,100.860004,2720000,81.38606
2012-03-09,100.920009,101.810009,100.400003,100.700006,2693400,81.25695400000001
2012-03-12,100.380009,100.650009,98.110007,98.440004,4017100,79.433311
2012-03-13,99.090006,99.99000600000001,98.000005,99.980005,3725800,80.67597099999999
2012-03-14,99.960004,100.410004,98.490009,98.920007,2777000,79.820635
2012-03-15,98.890004,99.74000799999999,97.86000899999999,98.90000500000001,2994700,79.804496
2012-03-16,99.260005,100.88000600000001,99.070004,100.580003,5014500,81.16012099999999
2012-03-19,100.96000500000001,101.970007,100.08000600000001,101.500005,2756000,81.90249
2012-03-20,100.530006,100.530006,97.89000300000001,97.960001,4444500,79.045987
2012-03-21,97.880002,98.500002,97.510001,97.730005,3372300,78.860398
2012-03-22,96.510008,96.640004,95.000002,95.750005,4148200,77.262694
2012-03-23,95.820003,98.060002,95.500006,97.620003,4467700,78.771635
2012-03-26,98.890004,99.34000400000001,98.000005,99.170005,3810900,80.022364
2012-03-27,99.730007,99.88000500000001,98.360005,98.410002,3415600,79.409101
2012-03-28,96.900003,97.550005,94.72000899999999,94.850004,6219300,76.536465
2012-03-29,94.00000899999999,94.540009,91.850001,94.43000699999999,7072600,76.19756
2012-03-30,94.92000300000001,95.740004,94.180009,95.230006,3616400,76.843096
2012-04-02,95.030004,98.240002,94.510006,97.480007,4839700,78.65866899999999
2012-04-03,97.49000799999999,97.49000799999999,95.330007,96.470005,3436900,77.843677
2012-04-04,95.330007,95.580005,93.750002,94.420006,3071300,76.18949
2012-04-05,93.910009,95.15000699999999,93.280008,93.290001,3992700,75.277665
2012-04-09,91.000005,92.090006,90.760008,91.38000699999999,4508100,73.736451
2012-04-10,91.330003,91.440004,89.40000699999999,89.610001,5766900,72.308196
2012-04-11,90.800003,91.050002,88.680006,88.810002,4763800,71.66266
2012-04-12,89.460004,91.19000600000001,89.260002,91.120008,4230200,73.526652
2012-04-13,90.630004,90.86000899999999,88.400006,88.57000500000001,5091600,71.469001
2012-04-16,89.250001,89.700001,87.150006,87.260008,6340400,70.411937
2012-04-17,88.380004,88.97000799999999,87.670005,88.730003,4567500,71.598107
2012-04-18,88.260001,88.800001,87.670005,87.970007,3428100,70.98485
2012-04-19,88.16000799999999,89.38000500000001,87.730002,88.22000600000001,3500100,71.18657900000001
2012-04-20,88.590006,89.08000200000001,87.63000100000001,88.610008,4516300,71.50128000000001
2012-04-23,87.130004,88.020004,86.47000200000001,87.92000300000001,3382600,70.944501
2012-04-24,88.230006,88.320006,87.180001,88.22000600000001,3399900,71.18657900000001
2012-04-25,89.100004,90.260003,88.15000699999999,90.110006,4489700,72.71166
2012-04-26,89.73000400000001,92.07000500000001,88.810002,91.90000500000001,5853300,74.156048
2012-04-27,92.450006,92.770003,91.470007,91.74000699999999,4475500,74.026943
2012-04-30,91.590002,91.720005,90.710003,91.220001,3748000,73.607338
2012-05-01,91.480008,93.780005,91.210008,92.890006,3849800,74.9549
2012-05-02,91.870003,92.58000200000001,91.200007,92.38000799999999,3737300,74.543373
2012-05-03,92.680003,92.710006,89.560005,89.820004,4836800,72.477652
2012-05-04,88.750005,89.150008,86.930003,87.88000699999999,5841000,70.912227
2012-05-07,87.760005,88.300005,86.930003,87.700007,3372400,70.766981
2012-05-08,86.840003,87.130004,84.42000300000001,86.930003,5847700,70.145649
2012-05-09,85.250005,85.47000799999999,83.550005,84.280006,7955700,68.007311
2012-05-10,85.570001,86.080007,84.79000400000001,85.02000799999999,3963700,68.604434
2012-05-11,84.150003,85.460008,83.58000799999999,83.760008,3893500,67.587713
2012-05-14,82.30000600000001,82.670007,81.440001,81.660005,5417200,65.89317700000001
2012-05-15,81.780008,82.430002,79.580004,79.900008,7182200,64.472998
2012-05-16,80.700007,81.68000699999999,79.15000500000001,79.23000400000001,5590400,63.932357999999994
2012-05-17,78.860003,80.20000300000001,78.43000500000001,78.670002,6186400,63.480481000000005
2012-05-18,79.250006,81.33000799999999,79.120003,79.650002,9583500,64.271263
2012-05-21,79.980007,81.030005,79.780005,80.870007,5148700,65.25571
2012-05-22,80.910002,82.500008,80.180001,80.84000400000001,4037300,65.2315
2012-05-23,80.060006,81.170001,78.090007,81.110004,5431300,65.44936899999999
2012-05-24,81.820003,81.820003,80.340007,81.380004,4132700,65.667238
2012-05-25,81.500007,81.860007,80.79000699999999,81.020004,3101800,65.376746
2012-05-29,82.04000699999999,83.750007,82.04000699999999,82.89000300000001,3981300,66.885688
2012-05-30,81.500007,81.560004,79.610006,80.290003,4836200,64.787693
2012-05-31,80.13000500000001,80.41000600000001,78.130002,79.27000799999999,7023300,63.964638
2012-06-01,77.870003,79.070006,76.590001,78.570002,8468300,63.399788
2012-06-04,79.170007,80.540001,78.22000200000001,80.160007,7401600,64.682797
2012-06-05,80.370002,81.550003,80.000001,81.180002,5691700,65.505852
2012-06-06,81.990002,84.63000600000001,81.93000500000001,84.570008,6329400,68.69829200000001
2012-06-07,85.710006,88.180002,84.600003,84.940001,7726400,68.998847
2012-06-08,84.27000600000001,85.55000799999999,83.480007,85.050003,4392100,69.088204
2012-06-11,85.760002,86.190001,82.990003,83.160003,4916700,67.55291
2012-06-12,84.030008,84.580001,82.860008,83.58000799999999,5002200,67.894091
2012-06-13,83.040008,84.18000500000001,82.750006,83.270004,3796600,67.642267
2012-06-14,83.57000699999999,84.370006,82.700002,83.480007,4882000,67.81285799999999
2012-06-15,84.210008,85.250005,83.510002,85.240004,5275000,69.24254599999999
2012-06-18,84.390008,84.450006,83.070003,83.810005,6329900,68.080923
2012-06-19,84.500002,85.000007,83.510002,84.010006,4442800,68.24338900000001
2012-06-20,84.29000699999999,85.110008,83.270004,84.410002,6766000,68.568315
2012-06-21,84.470007,84.730006,79.100001,79.27000799999999,10904900,64.392972
2012-06-22,79.770005,80.570004,78.63000699999999,79.490004,11723900,64.57168
2012-06-25,79.070006,79.090008,76.93000699999999,77.330003,8257500,62.81705899999999
2012-06-26,77.260005,79.480003,77.10000699999999,79.03000300000001,6438800,64.19801
2012-06-27,79.420005,81.020004,79.170007,80.290003,6517500,65.221539
2012-06-28,79.620007,81.080001,79.000008,80.940005,4963700,65.74955200000001
2012-06-29,83.600002,85.83000899999999,83.270004,85.770003,8299200,69.673078
2012-07-02,85.930001,86.190001,84.280006,85.940002,5318700,69.811172
2012-07-03,86.750003,88.72000200000001,86.400003,88.04000500000001,4241700,71.51705600000001
2012-07-05,87.390004,87.88000699999999,86.250006,86.47000200000001,3373200,70.241704
2012-07-06,84.800005,85.88000500000001,84.34000400000001,85.250005,3217100,69.25067
2012-07-09,85.040002,85.460008,84.19000600000001,85.190007,3439000,69.201933
2012-07-10,85.43000500000001,85.980006,82.89000300000001,83.240002,3442800,67.617896
2012-07-11,83.560006,85.55000799999999,83.560006,84.570008,3796200,68.69829200000001
2012-07-12,83.58000799999999,84.500002,82.900003,83.94000799999999,4947600,68.18652800000001
2012-07-13,84.250004,85.680003,83.99000500000001,85.330004,3049400,69.315656
2012-07-16,85.160005,85.88000500000001,84.500002,85.480001,2369000,69.437502
2012-07-17,86.040003,86.63000799999999,84.040001,86.550001,4130300,70.306689
2012-07-18,86.500004,87.470003,85.770003,86.940003,2918200,70.623498
2012-07-19,87.350008,87.860005,86.390002,87.170008,3950600,70.81033599999999
2012-07-20,86.220003,87.250007,85.810007,87.20000300000001,3988900,70.834701
2012-07-23,85.10000699999999,85.520005,84.18000500000001,84.960003,4064500,69.015095
2012-07-24,84.920007,85.210001,82.38000500000001,83.74000600000001,3552200,68.024061
2012-07-25,84.29000699999999,84.750008,82.750006,83.520003,4757800,67.845347
2012-07-26,85.490002,87.510006,84.210008,87.32000500000001,5434500,70.932182
2012-07-27,87.660004,89.320008,86.290002,88.620001,4853400,71.988201
2012-07-30,88.760006,89.69000799999999,88.300005,89.230007,3251700,72.483724
2012-07-31,88.920004,89.550004,86.780005,87.03000300000001,3624500,70.696607
2012-08-01,87.650003,88.330007,86.000008,87.820002,3398200,71.338342
2012-08-02,86.67000300000001,86.67000300000001,84.220001,85.650008,4630300,69.575603
2012-08-03,87.48000400000001,89.270003,87.410005,88.57000500000001,3341500,71.947588
2012-08-06,89.030006,89.620002,88.24000699999999,88.260001,3325400,71.695764
2012-08-07,89.01000400000001,91.63000500000001,89.01000400000001,90.74000600000001,3970500,73.71033299999999
2012-08-08,90.350003,91.55000600000001,90.150002,91.140002,3453300,74.035259
2012-08-09,90.70000300000001,91.500002,90.260003,90.510002,2755900,73.523495
2012-08-10,89.860008,91.500002,89.340001,91.400001,2473800,74.246463
2012-08-13,90.90000400000001,91.090005,89.540003,90.050009,3064600,73.149831
2012-08-14,90.70000300000001,90.82000500000001,89.510008,89.890002,2879100,73.01985400000001
2012-08-15,89.790001,89.910004,88.530001,89.030006,5111600,72.321258
2012-08-16,89.40000699999999,89.530002,88.750005,89.260002,3448100,72.50809
2012-08-17,89.460004,89.73000400000001,88.57000500000001,88.710001,3250100,72.06130999999999
2012-08-20,88.510007,88.980001,88.320006,88.620001,2284600,71.988201
2012-08-21,88.890001,89.49000699999999,87.770005,88.13000500000001,2686400,71.590166
2012-08-22,87.760005,88.96000699999999,87.43000699999999,88.830004,3393600,72.15879100000001
2012-08-23,88.320006,88.480005,87.230005,87.260008,4114500,70.883445
2012-08-24,86.83000200000001,88.16000799999999,86.190001,87.900001,2812900,71.403327
2012-08-27,87.900001,88.440001,86.96000500000001,87.500005,2118900,71.078401
2012-08-28,87.40000400000001,87.92000300000001,86.900008,87.450001,2037100,71.03778100000001
2012-08-29,87.720001,87.720001,86.15000500000001,86.23000400000001,2461300,70.046748
2012-08-30,85.810007,85.91000799999999,84.230002,84.280006,3964800,68.462717
2012-08-31,85.170006,85.460008,84.450006,85.010007,3651700,69.055715
2012-09-04,85.200008,85.570001,82.61000200000001,83.110006,5491700,67.512297
2012-09-05,82.390006,83.190005,82.250002,82.65000500000001,5061900,67.138627
2012-09-06,83.050001,85.120001,82.820004,84.30000799999999,4735200,68.929314
2012-09-07,84.730006,87.190002,84.680002,87.150006,4827400,71.259663
2012-09-10,86.850003,87.300004,86.300002,86.320004,2468300,70.580998
2012-09-11,86.910001,87.60000600000001,86.370001,86.440007,3074300,70.67912
2012-09-12,86.950004,87.20000300000001,85.920009,86.860004,3050200,71.022538
2012-09-13,87.110003,90.58000799999999,87.020003,90.46000500000001,5120100,73.966139
2012-09-14,90.82000500000001,93.60000500000001,90.620003,91.950002,6303700,75.18446
2012-09-17,91.65000699999999,91.920007,89.930006,90.060002,6733700,73.63906899999999
2012-09-18,90.060002,90.300007,88.950007,89.250001,4030700,72.976759
2012-09-19,88.840005,89.110005,87.350008,87.470003,4803700,71.521313
2012-09-20,86.760003,87.85000500000001,86.15000500000001,87.60000600000001,6872700,71.627613
2012-09-21,88.250008,88.350001,86.910001,87.390004,7859300,71.455901
2012-09-24,86.370001,87.280002,86.000008,86.810008,2986500,70.981658
2012-09-25,87.280002,87.420006,85.14000300000001,85.330004,4340000,69.771508
2012-09-26,85.000007,85.610005,84.570008,85.010007,3364800,69.509857
2012-09-27,85.710006,86.35000699999999,84.520004,86.260007,3888900,70.53194
2012-09-28,85.750001,86.60000500000001,85.290008,86.060005,3952700,70.36840500000001
2012-10-01,86.640001,87.390004,86.080007,86.380002,3807600,70.63005600000001
2012-10-02,86.390002,86.750003,84.520004,85.15000400000001,6282600,69.624328
2012-10-03,85.240004,85.280008,83.200006,83.680001,5054300,68.42235500000001
2012-10-04,84.30000799999999,85.520005,83.840007,85.390001,4879700,69.820565
2012-10-05,86.000008,86.11000200000001,84.440005,85.010007,4125100,69.509857
2012-10-08,84.38000699999999,84.79000400000001,84.030008,84.200007,2448000,68.84754699999999
2012-10-09,84.410002,84.950002,83.340003,83.410001,4393900,68.201585
2012-10-10,83.200006,83.450004,82.020005,82.220007,4888200,67.228566
2012-10-11,83.140001,83.790003,82.620002,82.620002,3570300,67.55562900000001
2012-10-12,82.500008,83.240002,81.800001,81.93000500000001,3632600,66.99144100000001
2012-10-15,81.94000600000001,82.170002,80.610007,81.700001,5917700,66.803374
2012-10-16,82.320008,83.57000699999999,82.020005,83.17000300000001,6193700,68.005347
2012-10-17,83.710004,84.78000300000001,83.420002,84.600003,5273700,69.17461
2012-10-18,84.470007,86.080007,84.310001,85.520005,4432400,69.926865
2012-10-19,85.610005,85.620006,83.790003,84.35000500000001,3844800,68.97019499999999
2012-10-22,84.010006,84.170005,82.310007,82.81000300000001,4552600,67.710987
2012-10-23,81.700001,82.04000699999999,80.650003,81.28000300000001,4259600,66.459956
2012-10-24,81.57000500000001,82.01000400000001,80.320006,80.680006,5073800,65.969358
2012-10-25,83.360004,83.90000500000001,79.790006,82.520002,11509500,67.473862
2012-10-26,81.49000600000001,82.630003,80.170008,80.44000799999999,7566600,65.773121
2012-10-31,81.660005,81.660005,78.08000600000001,78.960004,9032000,64.56297099999999
2012-11-01,79.300003,80.250007,78.750002,79.060005,6787600,64.644738
2012-11-02,79.730001,80.390004,77.920008,78.330004,6000800,64.04784000000001
2012-11-05,78.14000300000001,78.500003,77.670001,77.83000799999999,5914800,63.63901
2012-11-06,78.300002,79.730001,77.850001,79.580004,6860900,65.069923
2012-11-07,78.27000699999999,78.58000200000001,76.870002,77.450006,7145700,63.328295
2012-11-08,77.82000699999999,78.18000699999999,76.370006,76.410001,5103900,62.477918
2012-11-09,76.270005,77.670001,76.150002,76.650006,5657300,62.674162
2012-11-12,76.890004,77.170005,76.300007,76.530004,3072200,62.57604
2012-11-13,75.930006,76.110006,74.780008,74.860007,7271000,61.210539000000004
2012-11-14,75.090003,75.250002,73.700008,73.97000799999999,6500300,60.48281600000001
2012-11-15,74.340001,74.950007,73.48000400000001,73.92000300000001,5611600,60.441929
2012-11-16,73.88000799999999,73.910002,72.430006,73.810001,8953100,60.351983999999995
2012-11-19,74.88000100000001,75.690001,74.670006,75.460004,5679500,61.701137
2012-11-20,75.070002,75.360004,74.33000799999999,74.870008,6312700,61.218716
2012-11-21,74.860007,75.360004,74.260002,75.110005,3358200,61.414954
2012-11-23,75.930006,76.18000500000001,75.38000500000001,76.170004,2136800,62.28168
2012-11-26,75.450004,75.95,74.630002,75.240001,4093000,61.521246999999995
2012-11-27,74.950007,75.85000699999999,74.250001,75.480006,6228800,61.71749200000001
2012-11-28,74.81000300000001,76.290006,74.69000799999999,76.200006,4837600,62.306212
2012-11-29,76.58,77.000006,75.930006,76.26000400000001,4582100,62.35527
2012-11-30,76.270005,76.280005,74.910003,75.210006,6718300,61.496722
2012-12-03,75.790002,75.920005,73.40000500000001,73.580005,7142200,60.163924
2012-12-04,73.330007,73.800001,72.69000600000001,73.690007,5920900,60.253868999999995
2012-12-05,73.540001,75.000003,73.250007,74.49000600000001,5592400,60.908002
2012-12-06,74.140007,74.560004,73.420007,74.52000100000001,4499100,61.37746800000001
2012-12-07,74.990003,75.550004,74.780008,75.37000400000001,5204900,62.077563
2012-12-10,75.320008,75.550004,74.870008,75.350003,3765900,62.061089
2012-12-11,75.90000400000001,76.500001,75.620003,76.010005,5305900,62.60469200000001
2012-12-12,76.31,76.91000600000001,75.790002,76.420002,5258600,62.942381000000005
2012-12-13,76.480007,76.520003,75.030006,75.430002,4925600,62.126979000000006
2012-12-14,75.230008,76.320001,75.210006,76.170004,3522100,62.736473
2012-12-17,76.390007,76.800004,76.060002,76.520003,3988000,63.024744999999996
2012-12-18,76.67,78.63000699999999,76.480007,78.470001,5222200,64.630837
2012-12-19,78.80000600000001,79.050004,78.22000200000001,78.240004,5280500,64.44140300000001
2012-12-20,78.450007,79.120003,78.18000699999999,79.020002,4394700,65.083838
2012-12-21,77.850001,78.390002,77.42000300000001,78.14000300000001,7228700,64.359038
2012-12-24,77.840001,78.210002,77.34000400000001,77.520004,1615100,63.848383999999996
2012-12-26,77.940001,78.030001,76.690002,76.890004,2727100,63.329492
2012-12-27,77.21,77.21,76.04,76.94,2966000,63.370670999999994
2012-12-28,76.33000200000001,76.590001,75.30000600000001,75.38000500000001,3427600,62.0858
2012-12-31,75.17000300000001,76.680001,74.820003,76.610003,4631300,63.098873
2013-01-02,78.330004,78.500003,77.280007,78.160005,4016000,64.375512
2013-01-03,78.02000100000001,79.320004,77.850001,78.470001,3373800,64.630837
2013-01-04,78.51000400000001,79.88000600000001,78.470001,79.840003,3934100,65.759222
2013-01-07,79.560002,80.170008,79.260007,79.88000600000001,3746900,65.79217
2013-01-08,80.280002,82.000003,79.920002,81.72000200000001,8744700,67.30766
2013-01-09,81.610001,82.45000300000001,81.600008,82.110005,5647100,67.628881
2013-01-10,82.980003,83.17000300000001,82.230008,83.010005,5366400,68.37015500000001
2013-01-11,82.930006,83.17000300000001,82.590008,83.080003,3616500,68.427808
2013-01-14,83.10000500000001,83.500001,82.210006,82.670007,3206900,68.090119
2013-01-15,82.330001,82.820004,82.200005,82.49000699999999,2703100,67.941864
2013-01-16,82.390006,82.560005,82.070001,82.29000500000001,3200600,67.777135
2013-01-17,82.73000400000001,82.990003,82.38000500000001,82.390006,3534400,67.8595
2013-01-18,82.440002,82.580007,81.610001,82.580007,4982800,68.015992
2013-01-22,82.390006,83.660007,82.170002,83.600002,5216500,68.856098
2013-01-23,83.600002,83.720005,82.700002,82.920005,4318000,68.296027
2013-01-24,83.050001,83.83000600000001,83.050001,83.400008,3451100,68.691375
2013-01-25,83.610003,84.140002,83.230001,84.06000300000001,3516600,69.234972
2013-01-28,84.530005,84.580001,83.02000600000001,83.840007,3496600,69.053775
2013-01-29,84.030008,85.250005,83.810005,85.110008,4377800,70.099796
2013-01-30,85.160005,86.340006,85.040002,85.320003,6264500,70.272756
2013-01-31,86.050004,88.590006,85.650008,88.270002,14474200,72.702485
2013-02-01,88.510007,88.510007,87.160007,87.68000500000001,7563100,72.216542
2013-02-04,87.730002,88.52000799999999,87.500005,87.990001,7094700,72.471866
2013-02-05,88.52000799999999,88.740004,87.810001,88.41000600000001,4972300,72.817798
2013-02-06,87.85000500000001,88.72000200000001,87.510006,88.680006,4271000,73.04018
2013-02-07,88.620001,88.740004,87.750004,88.170001,4321400,72.620121
2013-02-08,88.16000799999999,88.60000699999999,88.100003,88.36000200000001,3306300,72.776613
2013-02-11,88.24000699999999,88.250008,87.090001,87.210004,3557100,71.829431
2013-02-12,87.310004,87.500005,86.490003,86.930003,3668400,71.598811
2013-02-13,87.100002,87.380003,86.570002,86.940003,2488500,71.607049
2013-02-14,86.740002,87.310004,86.450008,86.910001,4321300,71.582337
2013-02-15,87.20000300000001,87.250007,84.620005,84.71000500000001,9802000,69.770338
2013-02-19,85.10000699999999,86.300002,85.10000699999999,85.80000600000001,6032900,70.668104
2013-02-20,85.760002,86.16000600000001,84.42000300000001,84.510003,6052400,69.605609
2013-02-21,84.000005,84.280006,83.09000400000001,83.430003,4363100,68.71608
2013-02-22,84.000005,84.000005,83.360004,83.610003,3912900,68.864335
2013-02-25,85.030001,85.55000799999999,82.110005,82.13000699999999,6649200,67.64535500000001
2013-02-26,82.510001,82.820004,81.110004,81.780008,5740100,67.35708199999999
2013-02-27,81.65000400000001,82.630003,81.470004,82.230008,5292200,67.727719
2013-02-28,82.240001,82.550004,81.920004,82.330001,5119100,67.810077
2013-03-01,81.860007,82.860008,81.21000500000001,82.65000500000001,3718600,68.073645
2013-03-04,82.390006,82.480006,80.930004,81.64000300000001,3955700,67.24176899999999
2013-03-05,82.170002,82.830005,81.93000500000001,82.45000300000001,3835800,67.908916
2013-03-06,82.61000200000001,82.61000200000001,81.370003,81.890001,3894100,67.97531500000001
2013-03-07,82.030006,82.210006,81.610001,81.69000799999999,4212400,67.809304
2013-03-08,82.060001,82.540003,81.840005,82.40000699999999,4167200,68.398661
2013-03-11,82.240001,83.33000200000001,81.94000600000001,82.880002,3111200,68.797095
2013-03-12,83.110006,84.240003,83.02000600000001,83.590001,3967800,69.386452
2013-03-13,83.630004,83.960002,83.200006,83.280005,4864000,69.129131
2013-03-14,83.590001,84.700004,83.430003,84.400001,5546300,70.058818
2013-03-15,84.02000699999999,84.510003,83.310008,83.670008,7951100,69.452865
2013-03-18,82.700002,83.280005,82.250002,82.500008,4961100,68.48167
2013-03-19,81.820003,81.94000600000001,79.300003,80.180001,8455100,66.555877
2013-03-20,80.77000600000001,80.900001,78.500003,78.63000699999999,8030400,65.269256
2013-03-21,78.250005,79.050004,77.940001,78.360007,6410500,65.045135
2013-03-22,78.600004,79.15000500000001,78.410003,78.660002,4073500,65.294155
2013-03-25,78.930002,79.250006,77.79000400000001,78.050003,6306600,64.787807
2013-03-26,78.15000400000001,78.44000600000001,77.21,78.010008,6051600,64.754607
2013-03-27,77.590002,78.35000600000001,77.520004,78.130002,4099100,64.854212
2013-03-28,78.100008,78.740001,77.82000699999999,78.370008,5586800,65.053436
2013-04-01,78.450007,79.210003,77.910007,78.95000300000001,4369200,65.534879
2013-04-02,79.60000500000001,81.730003,79.250006,80.680006,8935300,66.97092099999999
2013-04-03,80.590006,81.68000699999999,80.090001,81.060007,8652000,67.286353
2013-04-04,80.990001,82.090003,80.510006,81.820003,7660300,67.917211
2013-04-05,80.810001,82.000003,80.810001,81.85000600000001,5529700,67.942116
2013-04-08,82.840006,83.230001,79.980007,81.120005,10963800,67.336156
2013-04-09,81.58000600000001,82.08000200000001,80.470003,81.57000500000001,6692500,67.709692
2013-04-10,81.620001,81.800001,81.000002,81.36000200000001,5160500,67.53537299999999
2013-04-11,84.000005,84.74000699999999,83.500001,84.200007,15289900,69.89280699999999
2013-04-12,83.560006,83.750007,82.460004,83.390007,8160300,69.22044100000001
2013-04-15,82.540003,82.800003,80.680006,80.700007,6371400,66.987524
2013-04-16,81.840005,81.860007,80.530008,81.600008,4666800,67.734597
2013-04-17,80.950006,81.32000699999999,79.47000200000001,80.450001,6174100,66.779999
2013-04-18,80.590006,81.140007,79.40000400000001,79.910001,4984700,66.331755
2013-04-19,80.350008,80.60000600000001,79.16000600000001,79.610006,4701800,66.082735
2013-04-22,79.680004,80.740003,79.000008,80.56000300000001,4162200,66.871309
2013-04-23,80.88000699999999,82.550004,80.470003,81.69000799999999,5716000,67.809304
2013-04-24,81.860007,84.560007,81.860007,84.330003,7699200,70.000714
2013-04-25,83.590001,87.92000300000001,82.550004,85.55000799999999,9944400,71.013416
2013-04-26,85.400002,86.930003,84.510003,86.660003,5886600,71.93480100000001
2013-04-29,87.370002,88.04000500000001,86.000008,87.860005,9754700,72.930901
2013-04-30,88.400006,89.890002,88.180002,89.260002,8160700,74.093011
2013-05-01,88.480005,88.85000600000001,87.050005,87.550002,7557200,72.673573
2013-05-02,88.090002,88.460003,86.910001,88.090002,5581700,73.12181600000001
2013-05-03,88.920004,91.99000500000001,88.900002,90.760008,12350800,75.338137
2013-05-06,90.690002,91.000005,89.100004,89.360003,6512800,74.17602
2013-05-07,89.540003,89.950008,88.64000300000001,89.250001,5792200,74.08471
2013-05-08,89.24000799999999,89.930006,88.85000600000001,89.280004,4442300,74.10961400000001
2013-05-09,89.280004,89.340001,87.890008,88.200004,6149700,73.213127
2013-05-10,87.900001,89.180003,87.900001,89.170002,5444500,74.018304
2013-05-13,89.070001,90.53000300000001,88.85000600000001,90.53000300000001,5818500,75.147215
2013-05-14,90.50000899999999,91.430004,90.270004,91.030008,6237900,75.562259
2013-05-15,90.520002,91.090005,89.920005,90.93000699999999,4196200,75.47925
2013-05-16,90.54000400000001,91.930008,90.230009,91.030008,4549800,75.562259
2013-05-17,91.140002,92.840001,90.670008,92.840001,6746700,77.0647
2013-05-20,92.840001,93.740001,92.680003,93.690005,3499000,77.770271
2013-05-21,93.59000400000001,94.420006,93.02000100000001,93.060005,4427000,77.24732
2013-05-22,92.58000200000001,93.35000699999999,90.290006,91.10000600000001,7972600,75.620363
2013-05-23,90.000004,90.57000699999999,88.900002,90.53000300000001,4842700,75.147215
2013-05-24,90.200006,91.220001,89.430001,90.780002,4026000,75.354733
2013-05-28,92.500003,93.490003,92.240004,92.650008,5224100,76.90699000000001
2013-05-29,92.44000600000001,94.900009,92.15000400000001,94.550002,7255300,78.484138
2013-05-30,94.460002,95.560004,93.900008,94.750003,6378300,78.65015600000001
2013-05-31,94.750003,95.570004,92.07000500000001,92.07000500000001,10009100,76.42554
2013-06-03,93.000007,94.300003,92.46000699999999,94.270009,7049500,78.25172099999999
2013-06-04,93.950004,95.310005,93.780005,94.260008,6694800,78.24342
2013-06-05,93.430006,94.410005,92.770003,93.38000100000001,5422900,77.512943
2013-06-06,92.940002,93.400003,91.86000200000001,92.550007,6045700,77.35414399999999
2013-06-07,93.010008,93.620007,92.040002,93.120002,6719800,77.830551
2013-06-10,93.070006,93.390002,92.090006,92.290008,4478000,77.136834
2013-06-11,91.390008,92.540006,90.610003,91.250004,5049300,76.267589
2013-06-12,91.90000500000001,92.290008,90.630004,90.950009,3155900,76.016851
2013-06-13,91.010006,93.530007,90.810004,93.040003,4156800,77.763687
2013-06-14,93.16000600000001,93.35000699999999,91.320002,91.890005,2504600,76.80250799999999
2013-06-17,92.660001,93.24000500000001,91.810005,92.610005,2777700,77.404291
2013-06-18,92.400002,93.250006,92.200008,92.43000500000001,2959300,77.253845
2013-06-19,92.63000600000001,93.200001,91.760001,91.760001,3193300,76.69385
2013-06-20,90.82000500000001,90.94000799999999,88.49000600000001,88.94000600000001,5671300,74.336872
2013-06-21,89.760007,90.610003,88.560004,89.920005,7725200,75.155964
2013-06-24,88.840005,89.600008,87.56000300000001,88.630002,5879100,74.077768
2013-06-25,89.250001,89.250001,87.890008,88.670006,3610900,74.111203
2013-06-26,89.930006,90.050009,88.29000400000001,89.250001,3602600,74.595969
2013-06-27,89.910004,91.26000400000001,89.52000100000001,90.310008,3514400,75.481932
2013-06-28,89.990003,90.270004,89.210006,89.230007,3586100,74.579258
2013-07-01,89.920005,90.600002,89.700001,90.02000600000001,2954300,75.23954599999999
2013-07-02,90.070002,91.360005,89.910004,90.57000699999999,3427500,75.699242
2013-07-03,90.10000500000001,90.200006,89.030006,89.760007,2537500,75.02223599999999
2013-07-05,90.050009,91.090005,89.350002,90.83000600000001,2460400,75.916551
2013-07-08,91.55000600000001,92.190007,90.54000400000001,90.840007,3159300,75.92491
2013-07-09,91.450005,91.680002,89.590008,89.940007,5452000,75.172682
2013-07-10,90.160002,90.21000699999999,89.120006,89.280004,4764300,74.621045
2013-07-11,90.450004,90.720004,89.45000300000001,90.420002,4039900,75.57386600000001
2013-07-12,90.22000799999999,90.390007,89.480006,90.22000799999999,4162000,75.40670899999999
2013-07-15,90.180004,90.960002,89.500008,90.510002,2809600,75.649089
2013-07-16,90.640005,90.90000400000001,88.740004,89.66000600000001,4319400,74.938654
2013-07-17,89.800002,90.230009,89.40000699999999,89.940007,3294300,75.172682
2013-07-18,90.200006,91.670001,90.14000899999999,91.270005,2957700,76.284307
2013-07-19,91.640006,92.410003,90.920006,92.090006,4188800,76.96967099999999
2013-07-22,92.10000699999999,92.590003,91.610004,91.970004,2601700,76.869372
2013-07-23,92.030001,92.670002,91.800005,92.030001,2806600,76.91951800000001
2013-07-24,92.160005,92.27000600000001,90.38000600000001,91.000005,3132200,76.058638
2013-07-25,90.720004,91.230002,90.180004,91.050002,2405300,76.100426
2013-07-26,90.310008,90.90000400000001,89.78000899999999,90.750007,2584100,75.849687
2013-07-29,90.720004,90.74000600000001,89.430001,90.480007,3967500,75.62401899999999
2013-07-30,90.400008,90.550005,86.120002,88.320006,8476200,73.818671
2013-07-31,88.52000799999999,89.800002,88.170001,89.050007,5514600,74.428812
2013-08-01,89.65000500000001,90.10000500000001,89.110005,89.85000699999999,3543500,75.097459
2013-08-02,89.680008,89.960009,88.460003,88.920004,3714100,74.320154
2013-08-05,88.85000600000001,88.890001,88.070008,88.15000699999999,3782500,73.67658399999999
2013-08-06,88.270002,88.750005,87.810001,88.180002,3394600,73.701654
2013-08-07,87.990001,88.310006,87.620008,87.88000699999999,3157200,73.45091500000001
2013-08-08,88.090002,88.820003,87.150006,88.480005,4162300,73.952399
2013-08-09,88.22000600000001,89.04000699999999,87.910002,88.28000300000001,3740100,73.785235
2013-08-12,87.85000500000001,88.420007,87.52000699999999,88.29000400000001,3166500,73.793594
2013-08-13,88.320006,88.330007,87.79000699999999,87.870006,4449300,73.44255600000001
2013-08-14,87.930004,88.300005,87.420006,87.68000500000001,3357700,73.283752
2013-08-15,87.340007,87.510006,86.700006,86.99000799999999,3592600,72.70704599999999
2013-08-16,86.88000600000001,86.980007,85.690004,86.510005,4240700,72.30585500000001
2013-08-19,86.400003,87.530008,86.02000100000001,86.11000200000001,2989600,71.971528
2013-08-20,86.100001,86.750003,85.780004,85.95000300000001,2921200,71.8378
2013-08-21,85.58000200000001,86.080007,84.910007,85.38000799999999,4521900,71.361393
2013-08-22,85.51000400000001,86.800007,85.340005,86.120002,2563400,71.979887
2013-08-23,86.320004,88.400006,86.140004,88.170001,4020600,73.69329499999999
2013-08-26,88.330007,88.97000799999999,87.84000400000001,87.92000300000001,3059600,73.484344
2013-08-27,87.33000600000001,88.000002,87.110003,87.350008,3149500,73.007937
2013-08-28,87.370002,88.750005,87.370002,88.170001,2866900,73.69329499999999
2013-08-29,88.010003,89.070001,87.950005,88.21000500000001,3836900,73.72673
2013-08-30,89.77000799999999,89.870009,87.950005,88.21000500000001,3139000,73.72673
2013-09-03,88.94000600000001,88.990002,87.710008,88.470004,2567200,73.94404
2013-09-04,88.330007,90.250002,88.230006,89.77000799999999,3664600,75.03059499999999
2013-09-05,89.710002,90.400008,89.600008,89.74000500000001,2091800,75.00551800000001
2013-09-06,89.540003,89.77000799999999,88.620001,89.000003,2593400,74.92133299999999
2013-09-09,88.990002,89.85000699999999,88.980001,89.700001,2801000,75.5106
2013-09-10,89.74000500000001,89.990003,88.77000699999999,89.66000600000001,2872400,75.47693199999999
2013-09-11,89.66000600000001,90.82000500000001,89.540003,90.82000500000001,2477700,76.453434
2013-09-12,90.550005,91.63000500000001,90.320009,91.010006,3933100,76.61337900000001
2013-09-13,91.29000699999999,92.87000400000001,89.29000500000001,89.49000699999999,9695200,75.33382399999999
2013-09-16,90.240002,90.450004,89.460004,89.680008,4374400,75.493769
2013-09-17,89.81000300000001,91.400001,89.680008,90.980003,2867400,76.588122
2013-09-18,91.080004,92.850002,90.800003,92.310002,3937400,77.707732
2013-09-19,92.44000600000001,92.890006,91.800005,92.110008,3110000,77.539375
2013-09-20,92.22000200000001,92.390001,91.560007,91.560007,4965700,77.07637700000001
2013-09-23,91.130009,91.640006,90.920006,91.370006,4687400,76.916432
2013-09-24,91.42000300000001,93.480002,91.390008,92.80000600000001,4038400,78.120223
2013-09-25,93.200001,93.300002,92.390001,92.910007,3994500,78.212824
2013-09-26,93.750002,94.40000400000001,93.060005,93.580003,5335000,78.77683499999999
2013-09-27,93.88000600000001,94.500005,93.300002,94.460002,4412500,79.517629
2013-09-30,93.38000100000001,93.650001,92.79000500000001,93.540008,4168500,78.743166
2013-10-01,93.440007,94.47000200000001,93.360008,94.39000300000001,2483700,79.458704
2013-10-02,94.180009,94.970007,93.130003,94.810009,3520700,79.81227
2013-10-03,94.740003,95.000002,93.72000799999999,94.40000400000001,3771600,79.467123
2013-10-04,94.43000699999999,95.630002,94.140005,95.41000600000001,2645500,80.317355
2013-10-07,94.610007,95.93000500000001,94.43000699999999,95.28000300000001,2901300,80.207916
2013-10-08,95.05000600000001,95.230006,93.510005,93.560001,3391100,78.759997
2013-10-09,93.820009,94.310004,92.920008,93.96000500000001,3176100,79.096726
2013-10-10,94.980008,95.88000799999999,94.36000899999999,95.100003,3424100,80.05639000000001
2013-10-11,94.670004,95.810002,94.24000600000001,95.49000500000001,2811900,80.384699
2013-10-14,94.990009,95.940005,94.610007,95.710009,2475100,80.569901
2013-10-15,95.550003,96.30000600000001,95.030004,95.230006,3189900,80.165829
2013-10-16,95.990002,97.240001,95.690007,96.970001,4145700,81.630579
2013-10-17,96.800002,98.080004,96.670007,98.080004,3702300,82.564993
2013-10-18,98.54000500000001,98.70000300000001,96.210006,98.29000699999999,7136000,82.741776
2013-10-21,98.210008,98.210008,96.760007,97.05000799999999,3742000,81.69793
2013-10-22,97.390007,97.990004,96.81000300000001,97.82000500000001,3767400,82.34612299999999
2013-10-23,97.250002,97.280005,95.41000600000001,95.660005,3785300,80.527807
2013-10-24,95.96000699999999,97.310008,95.49000500000001,97.030007,2332600,81.681092
2013-10-25,96.900003,97.080003,96.090003,96.88000100000001,2376800,81.554816
2013-10-28,96.88000100000001,97.790002,95.510007,97.54000400000001,3529500,82.110414
2013-10-29,97.880002,98.000005,96.000003,96.480006,5340800,81.218094
2013-10-30,96.870008,97.97000200000001,95.140006,96.060008,4062900,80.864535
2013-10-31,96.200005,97.240001,95.390004,96.08000200000001,3726100,80.881366
2013-11-01,96.050007,96.270003,94.590005,95.65000400000001,3232700,80.519388
2013-11-04,96.230007,97.82000500000001,95.93000500000001,97.730005,4406000,82.270359
2013-11-05,97.370005,97.370005,96.230007,96.69000799999999,3855700,81.39487700000001
2013-11-06,97.060001,97.49000799999999,96.030005,97.010005,3678500,81.664254
2013-11-07,96.710002,96.890002,95.420007,95.85000500000001,4027100,80.687752
2013-11-08,95.710009,96.470005,95.560004,96.33000799999999,4995900,81.091824
2013-11-11,96.460004,97.080003,96.170002,97.010005,2377000,81.664254
2013-11-12,96.670007,96.830005,95.340008,95.64000300000001,3176600,80.51096899999999
2013-11-13,95.29000400000001,97.04000699999999,95.100003,97.000004,3386300,81.655835
2013-11-14,97.02000600000001,97.650006,96.480006,97.480007,3448200,82.059908
2013-11-15,97.57000699999999,97.760008,96.800002,97.54000400000001,3484400,82.110414
2013-11-18,97.600001,97.760008,96.66000600000001,97.080003,2825900,81.72318
2013-11-19,96.900003,97.330001,96.01000400000001,96.900003,2928800,81.571653
2013-11-20,97.13000699999999,97.800003,96.790001,97.180004,2935600,81.807362
2013-11-21,97.500008,98.720005,97.13000699999999,98.65000699999999,2747900,83.04482900000001
2013-11-22,98.770002,99.420004,97.960001,99.370007,3142900,83.65093399999999
2013-11-25,99.310002,99.310002,97.300007,97.47000600000001,3975300,82.051489
2013-11-26,97.49000799999999,98.090005,97.05000799999999,97.630004,2616400,82.186177
2013-11-27,97.49000799999999,97.600001,94.79000699999999,95.200004,4703200,80.14057199999999
2013-11-29,95.210004,95.950006,94.52000699999999,94.960006,2347000,79.938539
2013-12-02,95.13000500000001,95.390004,94.08000799999999,94.76000400000001,3208500,79.770175
2013-12-03,94.730002,95.60000699999999,94.060006,94.300003,5067800,79.38294
2013-12-04,94.300003,95.060007,93.750002,94.590005,4166400,79.62706800000001
2013-12-05,94.40000400000001,94.44000799999999,93.360008,93.430006,4762000,78.650566
2013-12-06,93.940003,94.540009,92.540006,92.650008,4398100,78.531897
2013-12-09,92.570001,93.780005,92.370007,93.140004,5271700,78.947227
2013-12-10,93.15000500000001,93.200001,92.450006,92.490002,4242100,78.396273
2013-12-11,92.360006,92.79000500000001,91.330003,91.54000500000001,4816900,77.591038
2013-12-12,91.440004,92.120001,90.980003,91.240003,4444800,77.33675
2013-12-13,91.240003,91.490001,90.630004,91.110007,3449500,77.226563
2013-12-16,91.320002,91.830007,90.730005,90.950009,3794600,77.090946
2013-12-17,90.950009,90.960002,90.13000799999999,90.21000699999999,4770500,76.463706
2013-12-18,90.750007,92.340005,90.390007,92.260006,5049600,78.201324
2013-12-19,91.870003,93.130003,91.500002,92.930001,4410500,78.769225
2013-12-20,92.80000600000001,93.52000600000001,92.540006,92.80000600000001,5178700,78.659038
2013-12-23,93.410004,93.88000600000001,93.170007,93.23000400000001,2331300,79.023513
2013-12-24,93.24000500000001,93.540008,92.660001,93.480002,994700,79.235416
2013-12-26,93.470001,94.11000200000001,93.130003,94.03000300000001,2133900,79.701607
2013-12-27,94.160007,94.950005,93.88000600000001,94.850004,2085700,80.39665500000001
2013-12-30,94.640002,95.320006,94.350008,94.550002,2323800,80.142368
2013-12-31,94.950005,95.320006,94.230005,95.100003,2802500,80.608559
2014-01-02,94.510006,94.840003,93.410004,93.850003,2868200,79.549036
2014-01-03,93.910009,94.250007,92.88000500000001,93.52000600000001,2967600,79.269324
2014-01-06,93.860004,94.11000200000001,93.200001,93.800007,3310200,79.506658
2014-01-07,94.570003,95.690007,94.090009,95.550003,3846000,80.989987
2014-01-08,94.990009,95.40000500000001,94.200002,94.79000699999999,3668200,80.345801
2014-01-09,94.840003,95.12000400000001,94.07000699999999,94.840003,3261300,80.38817900000001
2014-01-10,95.05000600000001,95.08000899999999,93.410004,93.850003,3549400,79.549036
2014-01-13,93.360008,94.100002,91.450005,91.54000500000001,5367100,77.591038
2014-01-14,91.930008,92.360006,91.470007,92.310002,4567200,78.243702
2014-01-15,92.760002,92.87000400000001,90.74000600000001,91.460006,5095700,77.523229
2014-01-16,91.330003,91.940001,91.06000300000001,91.770002,3935600,77.785987
2014-01-17,91.74000699999999,91.960003,90.550005,90.57000699999999,4097000,76.768849
2014-01-21,91.220001,91.520004,89.38000500000001,89.970001,5188000,76.260273
2014-01-22,90.520002,91.280006,89.65000500000001,90.960002,4089500,77.099416
2014-01-23,90.660007,90.660007,89.170002,89.420008,4557600,75.794088
2014-01-24,88.760006,88.830004,87.590005,88.000002,4932900,74.590464
2014-01-27,87.950005,88.140006,86.800007,87.090001,3736100,73.81913
2014-01-28,87.280002,88.550003,87.180001,88.310006,3088200,74.853229
2014-01-29,87.290003,88.390005,87.000001,87.820002,4266600,74.437893
2014-01-30,88.740004,89.230007,86.500004,88.300005,5754900,74.844752
2014-01-31,87.780006,88.730003,86.810008,87.570004,6042000,74.225989
2014-02-03,87.80000799999999,88.350001,87.170008,87.24000600000001,6489800,73.946277
2014-02-04,87.420006,88.04000500000001,86.580003,87.140005,6447400,73.861515
2014-02-05,87.410005,87.780006,85.90000699999999,87.290003,5825400,73.98865500000001
2014-02-06,87.610007,88.96000699999999,87.610007,88.480005,5601700,74.997323
2014-02-07,88.800001,90.910005,88.350001,90.590009,5149400,76.785803
2014-02-10,90.450004,91.120008,90.160002,90.690002,4528000,76.870559
2014-02-11,90.800003,92.10000699999999,90.730005,91.600003,3930400,77.64189300000001
2014-02-12,92.080005,92.700005,91.850001,92.190007,3490300,78.141992
2014-02-13,91.410002,92.51000400000001,91.150003,92.27000600000001,3863800,78.209801
2014-02-14,94.660003,96.060008,94.270009,95.760005,9148200,81.16799
2014-02-18,96.100004,96.530002,95.310005,96.280004,6042200,81.60875
2014-02-19,96.050007,96.500007,94.870006,94.940004,5596600,80.472941
2014-02-20,95.000002,95.590006,94.750003,95.40000500000001,3988300,80.862847
2014-02-21,95.320006,95.97000799999999,94.910002,95.390004,3851300,80.85436999999999
2014-02-24,96.170002,96.58000600000001,95.710009,96.070009,4820800,81.430755
2014-02-25,95.870007,96.050007,95.110004,95.820003,3016400,81.21884399999999
2014-02-26,96.000003,96.000003,94.630009,95.200004,3907900,80.693321
2014-02-27,95.090002,95.550003,94.68000500000001,95.53000899999999,2961200,80.97304
2014-02-28,95.750005,97.17000300000001,95.750005,96.52000100000001,4166200,81.81217600000001
2014-03-03,95.790008,96.870008,95.48000400000001,96.050007,3544000,81.413801
2014-03-04,96.550004,97.670008,96.410007,97.22000799999999,3446300,82.40551500000001
2014-03-05,97.46000500000001,97.750007,96.77000699999999,96.85000699999999,3191800,82.091895
2014-03-06,96.050007,96.550004,95.810002,96.270003,3111300,82.211445
2014-03-07,97.280005,97.41000799999999,96.340009,97.13000699999999,3092100,82.945861
2014-03-10,97.140008,97.370005,96.620002,97.22000799999999,2498500,83.02271800000001
2014-03-11,97.400008,97.47000600000001,96.08000200000001,96.410007,2595800,82.331005
2014-03-12,95.860006,96.480006,95.550003,96.390006,3172600,82.313924
2014-03-13,96.710002,96.920005,95.53000899999999,95.810002,2732000,81.81862
2014-03-14,95.40000500000001,96.570006,95.29000400000001,96.52000100000001,3075300,82.424936
2014-03-17,96.640004,97.000004,96.38000500000001,96.85000699999999,2549200,82.70675
2014-03-18,97.110006,97.840007,96.570006,97.260003,3014600,83.056873
2014-03-19,97.250002,97.38000600000001,94.530008,95.140006,4789500,81.246465
2014-03-20,94.740003,94.750003,91.200007,92.930001,11330600,79.359193
2014-03-21,93.370008,95.04000500000001,92.710006,94.07000699999999,11448000,80.33272099999999
2014-03-24,94.39000300000001,94.610007,93.27000799999999,93.870005,4570200,80.161926
2014-03-25,94.550002,95.13000500000001,94.150006,94.650003,4524300,80.828018
2014-03-26,94.820002,94.950005,93.38000100000001,93.540008,5489500,79.88011800000001
2014-03-27,93.540008,94.830003,93.050004,94.640002,4555600,80.819478
2014-03-28,95.05000600000001,95.590006,94.300003,95.550003,4442900,81.596589
2014-03-31,96.020005,96.050007,95.030004,95.29000400000001,4043800,81.374558
2014-04-01,95.390004,95.40000500000001,94.610007,94.900009,4596200,81.041515
2014-04-02,94.610007,96.30000600000001,94.380002,96.020005,6856000,81.997955
2014-04-03,96.45000300000001,96.66000600000001,96.030005,96.510008,3718000,82.416402
2014-04-04,96.950007,96.980002,94.350008,94.550002,5852200,80.74262
2014-04-07,94.72000899999999,94.810009,93.560001,93.59000400000001,4633800,79.922814
2014-04-08,93.820009,95.010003,93.27000799999999,94.950005,3437800,81.084211
2014-04-09,95.40000500000001,96.030005,94.820002,95.97000799999999,3242000,81.95526
2014-04-10,95.790008,96.390006,94.350008,94.44000799999999,4322900,80.648689
2014-04-11,94.090009,95.08000899999999,93.330005,93.330005,5327000,79.700783
2014-04-14,94.020002,94.780006,93.31000300000001,94.32000500000001,3065900,80.546211
2014-04-15,94.350008,95.170009,93.740001,94.900009,4184300,81.041515
2014-04-16,95.65000400000001,95.97000799999999,95.13000500000001,95.810002,3970100,81.81862
2014-04-17,95.41000600000001,96.780008,95.40000500000001,96.600008,4802700,82.493259
2014-04-21,96.73000400000001,97.500008,96.600008,97.450004,2843400,83.219128
2014-04-22,97.21000699999999,97.680008,96.780008,96.930006,3430700,82.77506600000001
2014-04-23,96.670007,97.510001,96.600008,96.77000699999999,3112000,82.63843299999999
2014-04-24,97.070002,97.38000600000001,96.25000899999999,97.140008,2054400,82.954402
2014-04-25,97.140008,97.180004,96.280004,96.37000400000001,2556000,82.29684300000001
2014-04-28,96.780008,97.230008,96.150008,96.68000699999999,4402400,82.561576
2014-04-29,97.250002,98.210008,96.81000300000001,96.870008,3409600,82.723831
2014-04-30,96.73000400000001,96.73000400000001,95.470004,95.750005,2929100,81.76738399999999
2014-05-01,95.740004,95.800009,94.930003,94.990009,3270600,81.118372
2014-05-02,94.88000699999999,95.170009,94.40000400000001,94.44000799999999,3674300,80.648689
2014-05-05,94.830003,95.380004,93.800007,94.700007,5888600,80.87071999999999
2014-05-06,94.80000799999999,96.150008,94.510006,95.830004,4851400,81.835701
2014-05-07,96.210006,96.390006,95.390004,96.230007,3528500,82.177291
2014-05-08,96.38000500000001,96.500007,95.060007,95.190003,2782300,81.28916
2014-05-09,95.820003,96.350002,95.36000200000001,96.110005,3845700,82.074812
2014-05-12,96.500007,96.73000400000001,96.140007,96.420008,3703300,82.339545
2014-05-13,96.750006,98.120008,96.470005,97.520002,3713600,83.278904
2014-05-14,97.02000600000001,97.53000300000001,96.85000699999999,97.38000600000001,2646200,83.159352
2014-05-15,97.070002,97.270004,96.110005,97.060001,3667200,82.886078
2014-05-16,97.110006,97.110006,95.320006,95.690007,4108000,81.716148
2014-05-19,95.710009,96.350002,95.680006,95.940005,2760100,81.929638
2014-05-20,95.800009,96.270003,95.380004,95.460003,3232400,81.51973199999999
2014-05-21,95.620009,97.840007,95.500006,97.590008,4187100,83.338687
2014-05-22,97.600001,98.030008,97.000004,97.230008,2853400,83.03125899999999
2014-05-23,97.500008,97.690001,96.910004,96.970001,2689200,82.809221
2014-05-27,97.070002,97.57000699999999,96.410007,97.450004,3444700,83.219128
2014-05-28,97.620003,99.260005,97.350003,99.050003,5949800,84.585475
2014-05-29,99.15000400000001,99.88000500000001,98.91000600000001,99.83000799999999,5129000,85.251574
2014-05-30,99.400002,99.75000899999999,99.02000799999999,99.690004,4493500,85.132015
2014-06-02,99.79000500000001,100.47000899999999,99.400002,99.760002,3360000,85.19179100000001
2014-06-03,99.79000500000001,100.530006,99.500003,100.24000500000001,3135200,85.601698
2014-06-04,99.83000799999999,100.330005,99.560008,100.16000600000001,3218500,85.533381
2014-06-05,100.700006,100.97000600000001,99.650008,100.90000699999999,4846400,86.165319
2014-06-06,100.560009,100.870005,100.020009,100.380009,3988700,86.337345
2014-06-09,100.18000699999999,100.850003,99.95000300000001,100.19000799999999,2520300,86.173925
2014-06-10,100.000007,100.27000699999999,99.680003,99.980005,2851100,85.9933
2014-06-11,99.680003,100.130003,99.670002,99.890005,3160400,85.915891
2014-06-12,100.390002,101.650002,100.290009,101.250007,5228800,87.085635
2014-06-13,101.640001,103.25000899999999,101.44000799999999,103.230007,4527400,88.78864300000001
2014-06-16,103.350002,103.800002,103.030005,103.350002,4437600,88.891851
2014-06-17,102.72000200000001,102.89000899999999,102.05000600000001,102.740003,3492100,88.367188
2014-06-18,102.64000300000001,103.37000400000001,101.980008,103.25000899999999,2903200,88.805847
2014-06-19,103.340009,103.640004,102.980009,103.350002,3290200,88.891851
2014-06-20,103.590007,104.140008,103.22000600000001,104.000004,7610500,89.450921
2014-06-23,104.150009,105.640006,104.140008,105.19000600000001,5206100,90.474448
2014-06-24,105.370006,105.380007,101.130004,101.450008,5774800,87.257657
2014-06-25,101.460009,102.77000600000001,101.32000500000001,102.620009,4933000,88.26398
2014-06-26,102.84000400000001,102.84000400000001,101.290002,102.64000300000001,2653600,88.281177
2014-06-27,102.300004,102.580005,100.950004,102.210004,4396300,87.911333
2014-06-30,101.890008,103.150008,101.890008,102.630002,4267500,88.272575
2014-07-01,103.77000699999999,104.04000699999999,102.72000200000001,102.800009,3453500,88.41879899999999
2014-07-02,102.740003,102.930004,101.28000899999999,102.24000699999999,5570800,87.937139
2014-07-03,102.330007,102.750004,101.770005,102.170009,2516100,87.876933
2014-07-07,102.270002,102.320006,101.290002,101.590005,3001400,87.378069
2014-07-08,101.480003,102.390004,101.32000500000001,101.88000699999999,2656000,87.627501
2014-07-09,102.070008,102.290003,101.450008,101.950005,2352600,87.68770699999999
2014-07-10,101.11000200000001,101.550009,99.890005,100.410004,5027600,86.36314399999999
2014-07-11,100.55000799999999,100.720007,99.730007,100.480002,3246900,86.42335
2014-07-14,100.950004,101.39000300000001,100.760003,101.220004,2721400,87.05982900000001
2014-07-15,101.300003,101.530008,99.27000600000001,99.520004,3961900,85.597651
2014-07-16,99.83000799999999,101.910001,99.83000799999999,101.730001,3231600,87.49848100000001
2014-07-17,101.88000699999999,102.170009,99.83000799999999,99.95000300000001,2898700,85.967495
2014-07-18,100.030002,101.010009,99.500003,100.930002,3530900,86.810397
2014-07-21,101.160007,101.160007,100.030002,100.580003,2715700,86.509361
2014-07-22,100.96000500000001,102.010002,100.740009,101.27000799999999,2677500,87.102838
2014-07-23,101.250007,101.730001,100.730008,101.60000600000001,1764500,87.38667099999999
2014-07-24,101.530008,101.590005,100.35000600000001,100.88000600000001,2451400,86.767395
2014-07-25,100.380009,100.930002,100.000007,100.090007,2698700,86.087913
2014-07-28,100.200009,100.60000500000001,99.500003,99.82000699999999,2439600,85.855685
2014-07-29,99.550007,99.940002,99.260005,99.330004,2351100,85.43423
2014-07-30,99.760002,100.31000300000001,98.080004,98.110007,4426900,84.384905
2014-07-31,98.830007,99.090006,97.480007,97.710003,5672900,84.04086
2014-08-01,97.640005,98.930008,96.820004,97.89000300000001,5405400,84.195679
2014-08-04,98.760009,101.230005,98.62000400000001,100.750002,5339200,86.655578
2014-08-05,100.24000500000001,100.260006,98.410002,99.110008,4913100,85.245011
2014-08-06,98.920007,100.55000799999999,98.720005,99.410003,3029900,85.503038
2014-08-07,99.550007,99.75000899999999,97.770009,98.29000699999999,3400000,84.53972399999999
2014-08-08,98.65000699999999,99.850002,98.360005,99.800005,3132000,85.838481
2014-08-11,100.200009,101.050005,99.520004,99.770003,2575400,85.812676
2014-08-12,99.400002,100.380009,99.050003,99.810006,3105900,85.847083
2014-08-13,99.99000600000001,100.96000500000001,99.190007,99.99000600000001,2557100,86.001902
2014-08-14,100.290009,100.820008,99.74000799999999,99.970005,3607100,85.98469899999999
2014-08-15,100.030002,100.610006,99.330004,100.460008,4457700,86.406153
2014-08-18,100.780005,100.91000799999999,99.490002,100.60000500000001,3094400,86.526565
2014-08-19,101.080007,102.110003,100.650009,101.80000799999999,3294600,87.558693
2014-08-20,101.360008,101.900009,100.920009,101.740002,1999700,87.507082
2014-08-21,101.76000400000001,102.500006,101.540008,102.270002,2777700,87.962937
2014-08-22,102.24000699999999,102.820003,101.950005,102.440009,3189700,88.109161
2014-08-25,102.89000899999999,103.550004,102.670005,103.280004,3322300,88.831645
2014-08-26,103.57000500000001,103.700009,103.100004,103.150008,2383300,88.719835
2014-08-27,103.410007,103.68000699999999,102.950006,103.380004,2327400,88.91765600000001
2014-08-28,103.24000799999999,104.480006,103.090003,104.010005,2927600,89.459523
2014-08-29,103.020004,104.070002,103.020004,103.73000400000001,2590200,89.218692
2014-09-02,103.430009,103.69000799999999,102.08000899999999,102.36000200000001,2827500,88.040347
2014-09-03,103.170002,103.57000500000001,102.390004,102.450002,3104000,88.117756
2014-09-04,102.650003,103.470004,101.910001,102.370002,3945600,88.048949
2014-09-05,102.340008,102.580005,100.770004,101.310004,4964000,87.13723900000001
2014-09-08,100.250006,100.320004,98.110007,98.55000600000001,5179700,85.370068
2014-09-09,98.520003,99.27000600000001,97.790002,98.350004,4330100,85.196814
2014-09-10,98.460006,98.600003,97.590008,98.54000500000001,3694600,85.36140400000001
2014-09-11,97.86000899999999,98.430003,97.340002,98.350004,3277000,85.196814
2014-09-12,98.000005,98.130009,97.05000799999999,97.400008,3014600,84.373868
2014-09-15,97.10000500000001,98.55000600000001,96.340009,98.29000699999999,4563900,85.144841
2014-09-16,97.430002,99.210009,97.400008,98.560007,3966500,85.378731
2014-09-17,98.450005,99.170005,97.870001,98.170004,3839400,85.040887
2014-09-18,98.500002,98.690003,97.590008,97.870001,2454800,84.781006
2014-09-19,98.350004,98.640006,97.690001,97.710003,4114200,84.64240600000001
2014-09-22,97.550005,97.620003,96.160009,96.910004,3589600,83.94939699999999
2014-09-23,96.780008,97.17000300000001,96.190004,96.460004,3859300,83.55958000000001
2014-09-24,97.520002,99.15000400000001,96.30000600000001,98.410002,5880200,85.248787
2014-09-25,97.86000899999999,98.360005,96.37000400000001,96.77000699999999,5578200,83.828124
2014-09-26,96.640004,98.520003,96.590007,98.350004,4641500,85.196814
2014-09-29,97.000004,97.46000500000001,96.01000400000001,97.230008,5378100,84.226605
2014-09-30,97.430002,97.480007,95.700008,96.150008,5295600,83.291042
2014-10-01,96.01000400000001,97.04000699999999,94.170008,94.290002,6372600,81.67979100000001
2014-10-02,93.830001,95.820003,93.24000500000001,95.220005,5837000,82.485417
2014-10-03,96.160009,96.280004,94.650003,95.96000699999999,5412200,83.126452
2014-10-06,96.280004,97.140008,95.750005,97.080003,5197200,84.096661
2014-10-07,95.500006,96.510008,94.870006,94.870006,5582800,82.182226
2014-10-08,94.620008,95.660005,92.83000799999999,95.560004,5640400,82.779944
2014-10-09,95.060007,95.140006,91.99000500000001,92.530006,5706700,80.155174
2014-10-10,92.570001,93.15000500000001,90.610003,91.560007,6261700,79.314901
2014-10-13,91.330003,92.250005,87.700007,87.900001,6808100,76.144379
2014-10-14,88.470004,89.070001,86.100001,86.550001,6893600,74.974926
2014-10-15,84.670001,85.980006,82.30000600000001,85.250005,9675200,73.84879000000001
2014-10-16,83.550005,87.150006,83.280005,86.440007,9147600,74.879643
2014-10-17,87.340007,90.590009,87.340007,88.36000200000001,9205100,76.54286
2014-10-20,88.140006,88.88000799999999,87.620008,88.740004,3950900,76.87204100000001
2014-10-21,90.560006,91.38000699999999,89.600008,91.070003,4238800,78.89043000000001
2014-10-22,90.33000200000001,91.700004,89.590008,89.700001,4434300,77.70365
2014-10-23,90.230009,91.600003,89.210006,91.010006,4490400,78.83845699999999
2014-10-24,90.950009,91.000005,89.360003,89.52000100000001,4912300,77.547723
2014-10-27,88.090002,88.250008,85.560008,86.47000200000001,10257400,74.905626
2014-10-28,86.900008,88.200004,86.780005,88.140006,6050800,76.352287
2014-10-29,89.01000400000001,90.000004,88.310006,88.85000600000001,4859600,76.967332
2014-10-30,88.420007,88.800001,86.780005,87.930004,4664400,76.17036999999999
2014-10-31,88.550003,88.980001,87.250007,88.93000500000001,5544700,77.036632
2014-11-03,88.990002,89.38000500000001,86.900008,87.140005,5592900,75.486024
2014-11-04,85.770003,86.11000200000001,84.500002,85.320003,6064900,73.90942700000001
2014-11-05,86.16000600000001,86.920002,85.08000600000001,86.47000200000001,4427100,74.905626
2014-11-06,84.920007,86.63000799999999,84.910007,86.400003,8039700,74.844989
2014-11-07,86.480002,88.450002,86.24000500000001,88.04000500000001,5664200,76.26566
2014-11-10,88.57000500000001,89.190004,87.44000799999999,87.930004,4772600,76.17036999999999
2014-11-11,87.79000699999999,89.310007,87.060006,89.110005,5468900,77.192559
2014-11-12,88.28000300000001,89.13000699999999,87.940005,88.590006,5756300,76.742104
2014-11-13,87.68000500000001,88.250008,85.08000600000001,86.290002,8262000,74.74969899999999
2014-11-14,86.810008,87.52000699999999,86.260007,86.660003,5695300,75.070217
2014-11-17,86.500004,86.500004,85.720007,85.90000699999999,7414800,74.411862
2014-11-18,86.15000500000001,87.050005,85.690004,86.660003,5178200,75.070217
2014-11-19,86.430006,86.72000799999999,85.390001,86.040003,4537500,74.533135
2014-11-20,86.040003,86.980007,86.000008,86.870005,3905200,75.252134
2014-11-21,88.04000500000001,88.320006,86.930003,87.60000600000001,7061900,75.884505
2014-11-24,88.550003,88.77000699999999,87.720001,88.260001,5872100,76.456234
2014-11-25,88.230006,88.370003,86.140004,86.360008,7121600,74.810343
2014-11-26,86.620007,86.800007,85.700005,86.130003,5878200,74.611099
2014-11-28,82.250002,82.41000799999999,78.51000400000001,79.770005,9135900,69.101677
2014-12-01,77.339996,80.050003,76.360001,79.449997,16706700,71.715094
2014-12-02,78.970001,81.43,78.800003,80.690002,12087500,72.834379
2014-12-03,81.339996,83.190002,80.66999799999999,83.099998,9073100,75.009748
2014-12-04,82.150002,82.970001,81.860001,82.540001,6847700,74.504269
2014-12-05,82.050003,82.480003,81.199997,81.480003,7164600,73.54746800000001
2014-12-08,79.300003,79.5,75.790001,76.110001,9369900,69.312749
2014-12-09,75.940002,77.970001,75.800003,77.449997,7587400,70.533072
2014-12-10,75.650002,76.239998,74.360001,75.139999,7767400,68.429377
2014-12-11,74.68,76.739998,74.660004,75.08000200000001,6034300,68.374737
2014-12-12,73.959999,75.709999,73.349998,74.220001,7160300,67.591542
2014-12-15,75.07,75.800003,72.900002,73.160004,6563400,66.626211
2014-12-16,72.470001,76.510002,72.32,74.410004,8883700,67.764576
2014-12-17,74.769997,78.279999,74.720001,77.800003,8763300,70.85181999999999
2014-12-18,79.620003,79.989998,77.08000200000001,79.16999799999999,8062100,72.099463
2014-12-19,78.940002,81.519997,78.349998,81.519997,10499100,74.239587
2014-12-22,81.190002,81.480003,79.209999,80.790001,7211900,73.574786
2014-12-23,81.269997,83.25,80.949997,82.900002,7762500,75.496346
2014-12-24,82.16999799999999,82.5,81.019997,82.239998,3094700,74.895287
2014-12-26,82.480003,82.66999799999999,81.489998,82.050003,2669500,74.72225999999999
2014-12-29,82.57,83.099998,81.230003,81.709999,4192900,74.412621
2014-12-30,81.66999799999999,81.690002,80.410004,81.400002,4135200,74.130309
2014-12-31,80.629997,81.32,79.809998,80.610001,3555800,73.410862
2015-01-02,80.010002,81.099998,79.279999,80.650002,3634600,73.44729
2015-01-05,79.379997,79.379997,76.910004,77.660004,6104700,70.724324
2015-01-06,77.07,78.230003,76.059998,77.0,6038100,70.123264
2015-01-07,77.940002,78.279999,76.0,77.010002,5475300,70.132373
2015-01-08,77.809998,78.760002,77.480003,77.690002,6734700,70.751643
2015-01-09,78.150002,78.199997,76.07,77.540001,5203800,70.615038
2015-01-12,76.32,76.510002,74.620003,74.949997,7127800,68.256343
2015-01-13,74.989998,76.07,74.25,74.970001,7084500,68.274561
2015-01-14,73.82,75.779999,73.150002,75.480003,7017300,68.73901500000001
2015-01-15,76.599998,76.870003,74.940002,75.989998,7271500,69.203463
2015-01-16,76.470001,78.260002,76.400002,78.059998,6564100,71.088595
2015-01-20,77.75,78.010002,75.91999799999999,78.010002,5610800,71.043064
2015-01-21,78.43,79.550003,78.139999,79.239998,4491700,72.163211
2015-01-22,80.0,80.0,77.720001,78.860001,5221600,71.817151
2015-01-23,78.699997,79.879997,78.160004,78.849998,4870100,71.808042
2015-01-26,78.879997,80.349998,78.300003,80.32,3871400,73.14676
2015-01-27,79.91999799999999,80.489998,79.019997,79.410004,4468000,72.318034
2015-01-28,79.089996,79.410004,76.279999,76.5,6174800,69.667918
2015-01-29,78.290001,78.410004,75.550003,78.309998,6297600,71.31626800000001
2015-01-30,77.82,81.360001,77.32,80.0,9218100,72.855339
2015-02-02,81.779999,82.18,78.559998,80.160004,7964100,73.001053
2015-02-03,81.290001,82.290001,80.599998,82.150002,7136800,74.813328
2015-02-04,80.970001,81.66999799999999,79.800003,80.849998,6871300,73.629426
2015-02-05,81.860001,82.900002,81.449997,82.120003,5247000,74.786008
2015-02-06,82.989998,83.25,81.639999,81.75,4681600,74.44905
2015-02-09,82.239998,83.220001,81.059998,81.260002,6582500,74.002813
2015-02-10,81.220001,81.510002,79.459999,81.309998,5630800,74.048343
2015-02-11,79.910004,80.730003,79.059998,79.980003,4827800,72.837128
2015-02-12,80.93,82.230003,80.559998,82.040001,6010500,74.713151
2015-02-13,83.160004,83.739998,82.550003,83.110001,4523000,75.687591
2015-02-17,82.519997,83.08000200000001,82.050003,82.529999,4490800,75.159388
2015-02-18,82.529999,82.529999,81.25,81.370003,5191200,74.10298900000001
2015-02-19,79.07,81.370003,79.010002,80.610001,4521500,73.410862
2015-02-20,80.82,81.110001,79.75,80.099998,3783100,72.946407
2015-02-23,79.370003,80.559998,79.099998,79.800003,3162300,72.673203
2015-02-24,80.480003,80.57,79.33000200000001,79.75,2710900,72.627666
2015-02-25,79.910004,80.519997,79.58000200000001,80.209999,2892400,73.046583
2015-02-26,79.339996,79.610001,77.849998,78.32,4696400,71.325377
2015-02-27,78.629997,78.839996,77.68,77.879997,5123800,70.92466999999999
2015-03-02,77.860001,77.860001,76.650002,77.739998,4456100,70.797174
2015-03-03,77.800003,78.800003,77.470001,78.010002,4275300,71.043064
2015-03-04,77.879997,78.379997,77.230003,78.33000200000001,3216800,71.334486
2015-03-05,78.129997,78.199997,77.18,77.489998,3614600,70.569501
2015-03-06,76.389999,76.860001,74.510002,74.769997,5085400,68.731032
2015-03-09,74.790001,75.779999,74.589996,74.800003,3399900,68.758615
2015-03-10,73.870003,74.519997,73.550003,73.82,4199400,67.857764
2015-03-11,73.620003,74.66999799999999,73.559998,74.260002,3457800,68.262229
2015-03-12,74.709999,75.050003,74.230003,74.58000200000001,4268800,68.556383
2015-03-13,73.800003,73.959999,72.400002,72.839996,6199700,66.956913
2015-03-16,72.379997,73.16999799999999,72.099998,73.110001,5442600,67.20510999999999
2015-03-17,72.989998,73.239998,72.18,72.360001,3941500,66.51568499999999
2015-03-18,72.059998,74.599998,71.75,74.010002,4181500,68.03242
2015-03-19,72.809998,73.129997,71.699997,71.870003,5466400,66.065263
2015-03-20,72.459999,73.889999,72.279999,72.720001,13407500,66.846609
2015-03-23,73.110001,73.769997,72.839996,72.860001,3767500,66.975301
2015-03-24,72.900002,73.239998,72.410004,72.449997,2861900,66.598413
2015-03-25,72.980003,74.239998,72.709999,73.720001,4783400,67.765842
2015-03-26,74.610001,74.699997,73.120003,73.730003,4952500,67.775036
2015-03-27,73.040001,73.629997,72.550003,72.720001,3599000,66.846609
2015-03-30,73.440002,74.32,73.349998,73.980003,3907000,68.00484499999999
2015-03-31,73.0,73.720001,72.690002,73.0,4892900,67.103993
2015-04-01,74.220001,74.58000200000001,73.470001,74.239998,4428100,68.24384
2015-04-02,73.639999,74.769997,73.349998,74.550003,5277600,68.528807
2015-04-06,74.949997,77.010002,74.5,76.510002,6997500,70.330502
2015-04-07,76.589996,77.120003,76.019997,76.809998,4482100,70.606268
2015-04-08,77.019997,77.209999,76.480003,76.599998,5089700,70.41323
2015-04-09,76.639999,78.050003,76.599998,77.83000200000001,4100900,71.54388900000001
2015-04-10,78.120003,78.519997,77.610001,78.449997,3338200,72.113809
2015-04-13,78.849998,79.040001,77.690002,77.739998,2655000,71.461155
2015-04-14,78.349998,79.58000200000001,78.230003,79.300003,4573400,72.895163
2015-04-15,80.190002,82.059998,79.739998,81.510002,6766500,74.926666
2015-04-16,81.16999799999999,81.739998,80.349998,81.370003,5510800,74.797974
2015-04-17,80.839996,81.120003,79.709999,80.529999,6579300,74.02581500000001
2015-04-20,80.620003,81.440002,80.260002,80.370003,3881100,73.878742
2015-04-21,80.370003,80.470001,79.230003,79.449997,2982300,73.03304200000001
2015-04-22,79.68,79.940002,78.75,79.589996,3466200,73.161734
2015-04-23,79.849998,80.75,79.639999,80.040001,3425400,73.575393
2015-04-24,79.690002,80.0,79.199997,79.769997,3432000,73.327196
2015-04-27,80.139999,80.440002,79.410004,79.43,4671100,73.01465999999999
2015-04-28,79.220001,79.82,78.809998,79.699997,2747600,73.26285
2015-04-29,79.510002,80.279999,79.300003,80.110001,3929700,73.639739
2015-04-30,80.400002,80.639999,79.400002,80.099998,3855200,73.630545
2015-05-01,79.959999,80.599998,79.650002,80.5,3351700,73.998239
2015-05-04,80.589996,80.690002,79.410004,80.029999,2778400,73.566199
2015-05-05,80.620003,81.08000200000001,78.489998,78.620003,4876600,72.270084
2015-05-06,81.989998,82.019997,78.980003,79.41999799999999,6801000,73.005466
2015-05-07,78.610001,78.959999,77.16999799999999,77.610001,6703300,71.341657
2015-05-08,78.339996,78.379997,76.720001,77.900002,6213100,71.608235
2015-05-11,78.07,78.18,76.610001,76.68,4985600,70.48676999999999
2015-05-12,76.720001,76.970001,76.010002,76.68,4100900,70.48676999999999
2015-05-13,77.059998,77.33000200000001,75.690002,76.16999799999999,3524800,70.01796
2015-05-14,76.279999,77.18,76.190002,76.290001,2457500,70.12827
2015-05-15,76.099998,77.110001,75.599998,76.839996,2724700,70.633844
2015-05-18,76.41999799999999,77.360001,76.25,77.239998,3209100,71.001538
2015-05-19,76.510002,76.790001,75.809998,75.839996,5170800,69.714611
2015-05-20,76.230003,77.040001,75.809998,76.620003,3627600,70.431619
2015-05-21,76.93,77.43,76.510002,76.949997,3459000,70.73496
2015-05-22,76.32,77.290001,75.849998,77.010002,3740900,70.79011899999999
2015-05-26,76.33000200000001,77.0,76.019997,76.720001,5200600,70.52354
2015-05-27,76.629997,77.459999,76.110001,76.82,4090300,70.615462
2015-05-28,76.66999799999999,78.040001,76.309998,77.730003,4787800,71.45196800000001
2015-05-29,77.959999,78.339996,77.019997,78.190002,6049100,71.874814
2015-06-01,78.889999,79.349998,77.910004,78.889999,5066500,72.518274
2015-06-02,79.110001,79.889999,78.019997,79.440002,5438400,73.02385500000001
2015-06-03,78.660004,79.010002,78.32,78.370003,4167800,72.040276
2015-06-04,77.839996,78.279999,77.239998,77.300003,4749200,71.056697
2015-06-05,76.91999799999999,79.559998,76.900002,79.089996,5369600,72.702118
2015-06-08,78.010002,78.160004,77.089996,77.230003,4815500,71.67201
2015-06-09,77.83000200000001,78.18,77.400002,77.480003,4066900,71.90401800000001
2015-06-10,78.559998,78.93,78.18,78.83000200000001,4643600,73.15686099999999
2015-06-11,78.790001,79.400002,78.540001,78.889999,3355600,73.212541
2015-06-12,78.550003,78.610001,77.349998,77.779999,3671300,72.182424
2015-06-15,77.239998,78.099998,77.110001,77.449997,3037100,71.876171
2015-06-16,77.16999799999999,78.760002,77.16999799999999,78.510002,3747300,72.859891
2015-06-17,79.220001,79.510002,77.860001,78.800003,4163800,73.12902199999999
2015-06-18,79.050003,79.360001,78.5,79.099998,4335100,73.407427
2015-06-19,78.720001,79.480003,77.940002,77.970001,5622200,72.358752
2015-06-22,78.110001,79.0,77.839996,78.790001,3588700,73.119739
2015-06-23,79.0,79.43,78.529999,79.400002,4640600,73.68584
2015-06-24,79.220001,79.75,78.760002,79.32,3859700,73.61159599999999
2015-06-25,79.0,79.33000200000001,78.349998,78.529999,4244400,72.878449
2015-06-26,78.300003,79.269997,77.400002,79.209999,5961600,73.509512
2015-06-29,78.019997,78.110001,77.099998,77.370003,4893600,71.801934
2015-06-30,78.18,78.279999,77.389999,77.769997,4075200,72.173141
2015-07-01,77.529999,77.760002,75.57,75.949997,4242700,70.484121
2015-07-02,76.410004,76.889999,75.709999,75.730003,3007400,70.27996
2015-07-06,74.519997,74.690002,73.699997,73.900002,4217400,68.58165699999999
2015-07-07,73.639999,74.550003,72.68,74.199997,4817400,68.860063
2015-07-08,73.690002,74.139999,72.129997,72.540001,3446600,67.319532
2015-07-09,73.720001,74.25,73.089996,73.120003,3445300,67.857793
2015-07-10,73.66999799999999,74.18,73.110001,73.309998,3371600,68.034114
2015-07-13,73.470001,73.550003,72.790001,73.449997,3107700,68.164038
2015-07-14,73.25,74.379997,73.190002,74.279999,3365200,68.93430699999999
2015-07-15,73.879997,74.230003,72.440002,73.089996,4156200,67.82994599999999
2015-07-16,73.220001,73.440002,72.410004,72.5,4419900,67.282409
2015-07-17,72.190002,72.279999,71.709999,71.91999799999999,4105200,66.744148
2015-07-20,71.699997,71.91999799999999,69.83000200000001,70.260002,5401500,65.20361700000001
2015-07-21,70.379997,71.089996,70.0,70.220001,4009000,65.166495
2015-07-22,70.010002,70.400002,69.33000200000001,69.470001,4960400,64.47046999999999
2015-07-23,69.440002,69.790001,68.900002,69.690002,3708000,64.674638
2015-07-24,69.459999,69.639999,67.860001,68.41999799999999,4835800,63.49603199999999
2015-07-27,67.83000200000001,68.290001,67.300003,67.760002,6065600,62.883534
2015-07-28,67.949997,69.849998,67.510002,69.620003,5107900,64.60967600000001
2015-07-29,69.5,70.959999,69.209999,70.860001,5591700,65.760435
2015-07-30,70.730003,71.699997,69.639999,71.400002,4943600,66.261574
2015-07-31,71.25,71.370003,69.91999799999999,70.199997,4917100,65.14793
2015-08-03,69.470001,70.0,68.690002,69.400002,3998900,64.405508
2015-08-04,69.709999,70.550003,68.66999799999999,69.029999,3649700,64.062133
2015-08-05,69.760002,70.389999,68.480003,68.660004,3938600,63.718765000000005
2015-08-06,68.370003,69.639999,67.800003,69.41999799999999,5514100,64.424065
2015-08-07,69.339996,70.059998,68.510002,68.779999,3206700,63.830125
2015-08-10,69.089996,71.360001,68.83000200000001,71.279999,4478100,66.15020799999999
2015-08-11,69.300003,71.57,69.209999,71.480003,5104400,66.335819
2015-08-12,71.32,74.25,71.209999,73.730003,7936600,68.423893
2015-08-13,72.949997,73.440002,72.300003,72.93,7357700,67.681464
2015-08-14,73.040001,73.809998,72.91999799999999,73.400002,3204700,68.117641
2015-08-17,73.139999,73.849998,72.800003,73.739998,4883800,68.43316899999999
2015-08-18,73.18,73.870003,73.160004,73.790001,3784900,68.479573
2015-08-19,73.529999,73.900002,71.760002,72.160004,5684100,66.966881
2015-08-20,71.839996,72.190002,70.459999,70.470001,4265600,65.398503
2015-08-21,69.949997,70.839996,69.260002,69.260002,6091500,64.275584
2015-08-24,66.389999,68.650002,64.83000200000001,65.730003,10491100,60.999627000000004
2015-08-25,67.800003,68.889999,65.690002,65.75,8425500,61.018184999999995
2015-08-26,67.279999,67.769997,65.75,67.150002,7990200,62.317432999999994
2015-08-27,68.400002,70.620003,68.029999,70.559998,8175600,65.482023
2015-08-28,70.43,73.110001,70.230003,71.839996,6653700,66.669904
2015-08-31,71.410004,73.269997,69.57,73.010002,7338500,67.755708
2015-09-01,70.970001,71.639999,69.410004,70.010002,7094500,64.971609
2015-09-02,71.08000200000001,71.400002,69.220001,71.08000200000001,5666300,65.96460400000001
2015-09-03,71.309998,72.529999,70.519997,70.860001,4740500,65.760435
2015-09-04,69.629997,70.150002,69.139999,69.650002,4580000,64.637516
2015-09-08,69.459999,69.720001,67.889999,69.5,5321800,65.200397
2015-09-09,69.709999,70.559998,67.5,67.639999,4225800,63.455465000000004
2015-09-10,67.75,68.33000200000001,66.66999799999999,67.739998,4474100,63.549277000000004
2015-09-11,66.809998,67.199997,65.82,66.900002,5637400,62.761247
2015-09-14,66.589996,67.209999,66.050003,66.190002,3878500,62.095172
2015-09-15,66.620003,67.269997,66.309998,66.75,4761100,62.620525
2015-09-16,67.33000200000001,68.529999,67.029999,68.389999,5134900,64.15906600000001
2015-09-17,68.400002,69.779999,67.879997,68.339996,5801800,64.112157
2015-09-18,67.139999,67.82,66.339996,66.839996,6138500,62.704954
2015-09-21,67.260002,67.349998,66.41999799999999,66.800003,3424900,62.667435
2015-09-22,65.910004,66.650002,65.110001,65.760002,6194000,61.691773
2015-09-23,66.0,66.290001,64.66999799999999,64.82,3909000,60.809924
2015-09-24,64.190002,65.57,64.139999,65.08000200000001,4369300,61.053841000000006
2015-09-25,65.599998,66.199997,64.800003,66.120003,5653500,62.029502
2015-09-28,65.139999,65.599998,63.599998,63.639998999999996,4811200,59.702923999999996
2015-09-29,64.08000200000001,64.730003,63.689999,64.470001,4058500,60.481578000000006
2015-09-30,65.199997,66.260002,64.940002,66.150002,5168600,62.057644999999994
2015-10-01,67.029999,67.970001,65.370003,65.970001,5161500,61.88878100000001
2015-10-02,65.5,68.82,65.25,68.790001,4839800,64.534322
2015-10-05,69.480003,71.300003,69.41999799999999,70.650002,4629000,66.27925400000001
2015-10-06,70.839996,72.709999,70.040001,71.589996,6591700,67.161096
2015-10-07,72.709999,73.589996,71.110001,71.889999,7649000,67.442539
2015-10-08,71.849998,74.260002,71.58000200000001,74.07,6135400,69.487674
2015-10-09,74.260002,74.639999,73.360001,73.599998,5815600,69.04675
2015-10-12,73.809998,73.900002,72.550003,73.040001,3293300,68.521396
2015-10-13,72.440002,73.58000200000001,72.050003,72.709999,3054800,68.21181
2015-10-14,72.620003,74.16999799999999,72.300003,73.900002,4263900,69.328193
2015-10-15,73.709999,74.800003,73.139999,74.720001,5442600,70.097464
2015-10-16,75.489998,75.5,73.519997,74.230003,5191600,69.63778
2015-10-19,73.389999,73.529999,72.16999799999999,72.709999,4920900,68.21181
2015-10-20,72.459999,73.279999,72.07,72.58000200000001,4447700,68.089855
2015-10-21,72.489998,72.980003,71.940002,72.010002,3641300,67.55511800000001
2015-10-22,72.599998,74.440002,72.589996,74.339996,4261700,69.74096800000001
2015-10-23,73.940002,74.510002,73.370003,73.709999,4026500,69.149945
2015-10-26,73.400002,73.599998,71.650002,71.660004,3858100,67.226772
2015-10-27,70.68,70.790001,69.599998,70.199997,4484900,65.857089
2015-10-28,70.769997,74.510002,70.279999,73.809998,7533300,69.24375699999999
2015-10-29,73.449997,74.879997,73.0,74.129997,4827100,69.54396
2015-10-30,74.43,75.559998,73.58000200000001,74.540001,4684100,69.928599
2015-11-02,73.989998,76.18,73.879997,75.58000200000001,4634700,70.904261
2015-11-03,76.349998,77.360001,75.860001,76.599998,5243200,71.86115500000001
2015-11-04,76.5,76.5,75.110001,75.760002,4415200,71.073125
2015-11-05,75.269997,77.269997,75.150002,75.709999,3953300,71.026216
2015-11-06,75.050003,75.650002,74.349998,75.099998,3652500,70.453953
2015-11-09,74.940002,75.639999,74.599998,75.209999,4096300,70.557148
2015-11-10,74.93,76.739998,74.720001,76.260002,4063900,71.54219300000001
2015-11-11,76.379997,77.370003,75.489998,75.620003,5102100,70.941787
2015-11-12,74.529999,74.949997,72.959999,73.139999,3867100,68.615208
2015-11-13,72.940002,73.949997,72.360001,73.510002,3690900,68.962321
2015-11-16,73.650002,75.019997,73.010002,74.970001,4423000,70.331998
2015-11-17,75.029999,75.160004,73.980003,74.25,3348900,69.656539
2015-11-18,74.610001,75.900002,74.32,75.769997,3602300,71.08250100000001
2015-11-19,75.32,76.379997,74.809998,75.300003,3755400,70.641584
2015-11-20,75.25,75.58000200000001,73.959999,74.089996,3240900,69.506434
2015-11-23,73.989998,74.709999,73.599998,74.099998,2492100,69.515817
2015-11-24,74.550003,76.209999,73.970001,75.900002,4274600,71.204464
2015-11-25,75.099998,76.040001,74.75,75.379997,2949400,70.716629
2015-11-27,74.550003,75.260002,74.5,75.190002,1415300,70.538388
2015-11-30,75.260002,76.400002,74.809998,75.589996,5466200,70.913637
2015-12-01,75.68,76.75,75.010002,76.690002,4660700,71.94559100000001
2015-12-02,76.0,77.16999799999999,75.0,75.309998,6622400,70.65096
2015-12-03,75.709999,75.83000200000001,71.93,72.43,6962100,67.94913299999999
2015-12-04,71.410004,72.610001,69.639999,71.720001,8909600,67.283058
2015-12-07,69.940002,70.639999,68.279999,69.32,7639500,65.031532
2015-12-08,66.599998,67.91999799999999,65.93,67.300003,7669100,63.827071999999994
2015-12-09,67.410004,69.220001,67.279999,67.949997,4973400,64.443523
2015-12-10,67.660004,69.32,67.349998,68.41999799999999,4990000,64.889271
2015-12-11,67.309998,67.459999,65.639999,66.029999,6358300,62.622604
2015-12-14,65.5,66.769997,64.889999,66.650002,6615400,63.210613
2015-12-15,67.440002,68.82,67.309998,68.440002,5330600,64.908243
2015-12-16,68.440002,69.620003,67.519997,68.870003,5563700,65.316053
2015-12-17,68.230003,68.599998,65.650002,66.41999799999999,5748200,62.992478000000006
2015-12-18,66.41999799999999,67.019997,65.83000200000001,65.959999,7027400,62.556217000000004
2015-12-21,66.339996,66.940002,65.220001,66.139999,4534400,62.726928
2015-12-22,66.309998,68.150002,65.739998,66.980003,5755300,63.523585
2015-12-23,68.279999,69.339996,67.889999,69.209999,5647900,65.63850500000001
2015-12-24,69.209999,69.629997,68.650002,69.199997,2206400,65.629019
2015-12-28,67.83000200000001,68.470001,67.470001,67.989998,3520300,64.48146
2015-12-29,69.279999,69.5,67.650002,68.190002,3503400,64.671144
2015-12-30,67.260002,68.510002,66.879997,67.019997,3137100,63.561515
2015-12-31,66.41999799999999,68.0,66.41999799999999,67.610001,4592600,64.121072
2016-01-04,67.089996,67.879997,66.370003,67.410004,4777600,63.931396
2016-01-05,67.18,68.709999,66.779999,68.529999,4468000,64.993595
2016-01-06,66.75,67.110001,64.760002,65.440002,6740500,62.063054
2016-01-07,64.07,65.68,63.689999,64.260002,6562600,60.943946
2016-01-08,64.760002,64.949997,62.939999,63.169998,6203000,59.91019
2016-01-11,62.959998999999996,63.419998,59.970001,61.220001,9126200,58.060821
2016-01-12,61.419998,61.880001,58.82,60.970001,7996900,57.823721
2016-01-13,61.75,62.799999,60.029999,60.400002,7836400,57.283136
2016-01-14,60.75,64.809998,60.189999,64.0,9582300,60.697361
2016-01-15,61.32,63.049999,60.959998999999996,62.790001000000004,7244200,59.549802
2016-01-19,63.5,63.650002,60.34,61.459998999999996,7852000,58.288433999999995
2016-01-20,60.259997999999996,60.869999,58.240002000000004,59.619999,9785200,56.543383999999996
2016-01-21,59.110001000000004,61.169998,58.759997999999996,60.849998,7201500,57.709911
2016-01-22,63.529999,64.389999,61.439999,63.799999,7590100,60.507681000000005
2016-01-25,63.009997999999996,64.300003,61.73,61.790001000000004,5622700,58.601406000000004
2016-01-26,63.09,63.610001000000004,62.139998999999996,63.23,5580900,59.96709499999999
2016-01-27,62.799999,65.870003,62.279999,64.160004,6212400,60.849107999999994
2016-01-28,66.150002,66.75,64.08000200000001,65.870003,7598500,62.470865
2016-01-29,65.989998,68.83000200000001,65.879997,68.83000200000001,10015300,65.27811700000001
2016-02-01,67.540001,67.779999,65.83000200000001,66.559998,6054000,63.125253
2016-02-02,64.339996,66.300003,64.029999,65.480003,5763100,62.100991
2016-02-03,66.589996,68.190002,64.75,68.129997,6419600,64.614235
2016-02-04,68.900002,70.489998,66.779999,66.980003,9267300,63.523585
2016-02-05,66.400002,66.650002,64.75,65.470001,6392800,62.091505000000005
2016-02-08,63.68,66.699997,63.240002000000004,66.190002,6596000,62.774351
2016-02-09,65.129997,66.16999799999999,64.050003,65.220001,4970500,61.854406000000004
2016-02-10,65.129997,67.0,64.290001,65.660004,7297000,62.271702000000005
2016-02-11,64.389999,66.519997,64.120003,66.199997,6039300,62.78383
2016-02-12,67.0,67.779999,66.440002,67.059998,5024900,63.599451
2016-02-16,68.25,68.32,67.150002,68.010002,6296600,64.50043199999999
2016-02-17,69.339996,71.300003,68.709999,70.629997,6539800,66.985226
2016-02-18,71.33000200000001,71.459999,69.809998,70.290001,4878300,66.662774
2016-02-19,69.839996,70.370003,68.93,70.260002,5547000,66.63432399999999
2016-02-22,71.900002,72.190002,71.099998,71.68,4665100,67.981045
2016-02-23,71.370003,71.769997,68.58000200000001,69.0,4214700,65.43934200000001
2016-02-24,67.709999,69.610001,67.400002,69.470001,3447400,65.88509
2016-02-25,69.550003,69.93,68.470001,69.650002,2522900,66.055801
2016-02-26,71.230003,71.230003,69.75,69.800003,3347800,66.198062
2016-02-29,70.309998,70.529999,68.519997,68.82,4651000,65.268631
2016-03-01,69.25,70.599998,68.57,70.449997,4472100,66.814514
2016-03-02,70.08000200000001,71.660004,69.57,71.610001,4522400,67.91465699999999
2016-03-03,71.589996,71.620003,69.379997,70.489998,6663200,66.852451
2016-03-04,70.699997,71.0,69.150002,69.720001,5744800,66.122189
2016-03-07,70.07,70.739998,68.32,70.349998,6939600,66.719676
2016-03-08,69.120003,69.18,66.199997,66.400002,7144900,63.652105000000006
2016-03-09,67.230003,69.25,66.300003,68.43,5721100,65.59809399999999
2016-03-10,68.269997,68.730003,67.529999,68.440002,4637700,65.607683
2016-03-11,69.66999799999999,70.209999,69.110001,69.949997,3925300,67.055188
2016-03-14,69.129997,69.66999799999999,68.650002,69.050003,2938200,66.19243900000001
2016-03-15,68.059998,68.360001,67.480003,68.33000200000001,4180000,65.502234
2016-03-16,68.739998,69.739998,68.07,69.41999799999999,3601500,66.547122
2016-03-17,70.33000200000001,71.16999799999999,69.449997,70.660004,4337100,67.735811
2016-03-18,71.239998,71.57,70.099998,71.300003,5978200,68.349325
2016-03-21,70.889999,71.360001,70.07,70.66999799999999,2327000,67.74539200000001
2016-03-22,70.029999,70.57,69.370003,69.610001,3321000,66.729262
2016-03-23,68.889999,69.400002,68.029999,68.290001,4478900,65.463889
2016-03-24,67.269997,68.739998,67.25,68.510002,5142200,65.674785
2016-03-28,68.660004,68.720001,67.760002,68.029999,2499600,65.214647
2016-03-29,66.949997,68.040001,66.900002,67.93,3324700,65.118786
2016-03-30,68.910004,69.309998,68.220001,68.599998,3037600,65.761057
2016-03-31,68.239998,69.41999799999999,68.150002,68.43,3304700,65.59809399999999
2016-04-01,67.230003,68.41999799999999,66.980003,68.199997,2629500,65.37761
2016-04-04,68.68,69.120003,67.769997,68.190002,3233700,65.368029
2016-04-05,67.480003,68.08000200000001,66.940002,67.41999799999999,4191400,64.62989
2016-04-06,67.940002,70.239998,67.400002,70.120003,4120800,67.218158
2016-04-07,69.550003,70.400002,69.0,69.379997,2558800,66.508777
2016-04-08,70.709999,71.139999,70.220001,70.599998,3212700,67.678289
2016-04-11,70.809998,71.58000200000001,70.769997,70.790001,3170900,67.86042900000001
2016-04-12,71.279999,72.91999799999999,70.33000200000001,72.449997,4211000,69.451728
2016-04-13,72.650002,72.879997,71.650002,72.239998,3753200,69.250419
2016-04-14,72.660004,74.470001,72.300003,74.32,6062700,71.244342
2016-04-15,73.800003,74.0,72.099998,72.150002,4782300,69.164147
2016-04-18,72.150002,73.660004,70.699997,73.300003,3745300,70.26655699999999
2016-04-19,73.709999,74.989998,72.989998,74.860001,4027200,71.761996
2016-04-20,74.629997,76.120003,74.0,75.07,4187200,71.96330400000001
2016-04-21,75.209999,75.730003,74.379997,74.620003,3228800,71.53193
2016-04-22,74.91999799999999,76.0,74.83000200000001,75.849998,2851900,72.711024
2016-04-25,75.260002,75.93,74.629997,75.099998,3065200,71.992062
2016-04-26,75.75,76.599998,75.239998,76.480003,3223500,73.31495600000001
2016-04-27,76.760002,78.089996,76.650002,77.519997,3678600,74.311911
2016-04-28,77.709999,77.709999,75.83000200000001,76.230003,3683300,73.07530200000001
2016-04-29,76.5,77.230003,75.779999,76.650002,4495300,73.477919
2016-05-02,76.220001,76.5,75.389999,76.33000200000001,3354900,73.171162
2016-05-03,75.43,75.879997,74.709999,75.57,4146000,72.442612
2016-05-04,75.18,75.779999,73.849998,73.959999,6165400,70.89924
2016-05-05,75.660004,76.889999,75.08000200000001,76.139999,6338800,72.989023
2016-05-06,75.309998,76.639999,75.099998,76.059998,5253800,72.91233199999999
2016-05-09,75.25,75.83000200000001,74.25,75.540001,3936400,72.413855
2016-05-10,75.660004,76.58000200000001,75.519997,76.410004,4696300,73.247853
2016-05-11,75.900002,77.019997,75.68,76.309998,4523400,73.151986
2016-05-12,76.980003,77.199997,76.160004,76.480003,3639500,73.31495600000001
2016-05-13,76.360001,76.379997,75.16999799999999,75.339996,3689900,72.222127
2016-05-16,76.150002,76.849998,75.839996,76.529999,4468400,73.362883
2016-05-17,76.33000200000001,77.08000200000001,75.760002,76.339996,5319300,73.180743
2016-05-18,75.379997,75.889999,74.309998,74.809998,6095500,71.714062
2016-05-19,74.5,75.0,73.82,74.839996,3963800,71.742819
2016-05-20,75.309998,75.43,74.599998,74.959999,3411300,71.85785600000001
2016-05-23,74.480003,75.370003,74.309998,74.870003,3334500,71.77158399999999
2016-05-24,75.540001,76.389999,74.980003,76.120003,3619900,72.969854
2016-05-25,76.870003,77.349998,75.879997,76.16999799999999,3399500,73.01778
2016-05-26,76.699997,77.18,76.050003,76.110001,2286800,72.960266
2016-05-27,75.970001,76.220001,75.58000200000001,76.150002,2199700,72.998611
2016-05-31,76.220001,76.510002,75.08000200000001,75.440002,4584800,72.317995
2016-06-01,74.900002,75.550003,74.33000200000001,75.440002,3041900,72.317995
2016-06-02,74.82,75.25,74.360001,75.209999,2244600,72.09751
2016-06-03,75.480003,75.720001,74.370003,74.83000200000001,2547000,71.733238
2016-06-06,75.559998,76.18,75.220001,75.410004,3296100,72.289237
2016-06-07,76.0,77.16999799999999,75.57,76.870003,4531800,73.688816
2016-06-08,76.599998,76.970001,75.309998,75.440002,4143400,73.030535
2016-06-09,74.559998,75.660004,74.519997,75.599998,3846600,73.18542099999999
2016-06-10,75.0,75.459999,74.800003,75.449997,4066300,73.040211
2016-06-13,74.839996,75.690002,74.629997,75.25,5074600,72.846601
2016-06-14,75.089996,75.260002,74.800003,75.120003,3880300,72.72075600000001
2016-06-15,75.089996,75.339996,74.589996,74.849998,3104700,72.459376
2016-06-16,74.360001,74.629997,73.82,74.449997,3378000,72.07215
2016-06-17,74.849998,75.050003,74.459999,74.949997,4062600,72.55618
2016-06-20,75.980003,76.660004,75.699997,76.099998,3698000,73.669452
2016-06-21,76.309998,77.279999,75.809998,77.160004,3164000,74.69560200000001
2016-06-22,77.279999,77.68,76.760002,77.099998,3564000,74.637513
2016-06-23,77.82,78.309998,77.290001,78.309998,4104000,75.80886600000001
2016-06-24,75.68,76.449997,74.839996,75.269997,5601400,72.865959
2016-06-27,74.360001,74.739998,72.5,73.120003,5173100,70.784634
2016-06-28,74.309998,74.309998,73.16999799999999,73.970001,4449100,71.607484
2016-06-29,73.980003,75.339996,73.879997,75.089996,4330800,72.69170799999999
2016-06-30,75.220001,75.660004,74.839996,75.559998,3779300,73.146698
2016-07-01,75.43,76.25,75.139999,75.66999799999999,3944600,73.253185
2016-07-05,74.900002,75.720001,74.529999,75.220001,3599000,72.817561
2016-07-06,75.220001,75.559998,74.68,75.449997,3358300,73.040211
2016-07-07,75.66999799999999,75.989998,75.0,75.449997,4564200,73.040211
2016-07-08,76.5,76.5,75.360001,76.129997,3804200,73.698493
2016-07-11,76.33000200000001,76.82,75.93,76.199997,3204200,73.766257
2016-07-12,77.410004,77.5,76.660004,77.370003,4347500,74.898894
2016-07-13,77.489998,77.58000200000001,76.220001,76.83000200000001,3659400,74.37614
2016-07-14,77.550003,77.660004,76.93,77.209999,4158200,74.744
2016-07-15,77.339996,77.57,76.889999,77.32,3886400,74.850488
2016-07-18,77.010002,77.129997,76.529999,76.769997,2779400,74.318051
2016-07-19,76.33000200000001,76.879997,76.129997,76.370003,2262500,73.93083299999999
2016-07-20,76.139999,76.870003,75.870003,76.349998,1825800,73.911467
2016-07-21,75.91999799999999,76.510002,75.589996,75.730003,1980400,73.311274
2016-07-22,75.66999799999999,76.010002,75.129997,75.379997,2411400,72.972447
2016-07-25,74.900002,75.260002,74.099998,74.510002,4181800,72.130238
2016-07-26,74.209999,74.889999,73.970001,74.690002,2734400,72.30449
2016-07-27,74.57,74.849998,73.82,74.160004,2975100,71.79141800000001
2016-07-28,73.779999,74.32,73.43,73.910004,3570000,71.549403
2016-07-29,73.41999799999999,74.889999,73.25,74.730003,3210700,72.343213
2016-08-01,74.400002,74.489998,73.300003,73.589996,4132400,71.239616
2016-08-02,73.959999,74.08000200000001,72.110001,73.120003,5563900,70.784634
2016-08-03,73.529999,74.410004,72.33000200000001,74.379997,4697100,72.004386
2016-08-04,74.010002,74.849998,73.91999799999999,74.25,3745600,71.87854
2016-08-05,74.199997,74.199997,73.059998,73.68,3842600,71.326746
2016-08-08,74.190002,74.690002,73.849998,74.360001,3378000,71.985028
2016-08-09,74.68,74.769997,73.32,73.68,3353200,71.326746
2016-08-10,74.0,74.32,73.129997,73.269997,2659800,70.929837
2016-08-11,73.839996,74.58000200000001,73.309998,74.25,2729400,71.87854
2016-08-12,74.459999,74.599998,73.849998,74.459999,2151400,72.08183199999999
2016-08-15,74.900002,75.230003,74.720001,75.050003,4851600,72.652992
2016-08-16,74.769997,76.260002,74.5,76.010002,4289400,73.58233
2016-08-17,75.870003,76.620003,75.449997,76.610001,3983000,74.163165
2016-08-18,76.91999799999999,77.510002,76.730003,77.480003,4390500,75.005381
2016-08-19,76.910004,77.150002,76.33000200000001,76.540001,2992200,74.095401
2016-08-22,76.029999,76.529999,75.66999799999999,76.360001,2521900,73.92115
2016-08-23,76.370003,77.07,76.370003,76.889999,2432900,74.434221
2016-08-24,76.879997,77.940002,76.57,77.720001,5358000,75.237714
2016-08-25,77.660004,77.699997,77.0,77.360001,3228100,74.889211
2016-08-26,77.540001,77.940002,76.849998,77.16999799999999,3517400,74.705277
2016-08-29,77.099998,78.019997,76.599998,77.949997,3335300,75.460364
2016-08-30,78.480003,78.480003,77.589996,77.839996,2309600,75.353876
2016-08-31,77.58000200000001,77.58000200000001,76.489998,76.849998,3376600,74.395498
2016-09-01,76.550003,76.849998,76.010002,76.839996,3261000,74.38581500000001
2016-09-02,77.57,77.779999,76.559998,77.510002,3458300,75.03442199999999
2016-09-06,77.599998,78.16999799999999,77.360001,78.0,3978800,75.50877
2016-09-07,77.400002,77.760002,76.949997,77.129997,3881700,75.40123100000001
2016-09-08,77.57,77.900002,76.790001,77.75,5019200,76.00733699999999
2016-09-09,77.300003,77.300003,76.0,76.110001,4496700,74.404096
2016-09-12,75.099998,76.150002,74.790001,75.849998,4638200,74.149922
2016-09-13,75.019997,75.150002,73.349998,73.510002,5846500,71.862373
2016-09-14,73.309998,73.690002,71.43,71.800003,5624200,70.190701
2016-09-15,71.870003,72.769997,71.83000200000001,72.269997,5324800,70.650161
2016-09-16,71.599998,71.800003,70.93,71.029999,5411300,69.437956
2016-09-19,71.529999,71.809998,70.809998,70.82,4220500,69.232664
2016-09-20,70.860001,71.309998,70.489998,70.5,4337600,68.919836
2016-09-21,71.120003,71.889999,70.709999,71.800003,4294500,70.190701
2016-09-22,72.58000200000001,72.800003,71.300003,71.410004,5204000,69.809443
2016-09-23,71.389999,71.389999,69.150002,69.599998,5802100,68.04000699999999
2016-09-26,69.800003,70.199997,69.220001,69.32,4688300,67.766284
2016-09-27,68.75,68.970001,67.83000200000001,68.650002,4862200,67.111303
2016-09-28,69.07,72.18,68.650002,71.900002,8044800,70.288459
2016-09-29,71.82,73.129997,71.290001,72.139999,6467700,70.523077
2016-09-30,72.559998,73.370003,71.980003,72.91999799999999,5110500,71.285593
2016-10-03,72.91999799999999,73.18,72.43,72.82,3002200,71.187836
2016-10-04,72.839996,73.230003,72.089996,72.650002,4532700,71.021648
2016-10-05,73.279999,73.529999,72.470001,72.540001,4196900,70.914113
2016-10-06,72.739998,74.0,72.599998,73.540001,5269400,71.8917
2016-10-07,73.809998,73.989998,73.220001,73.540001,3117600,71.8917
2016-10-10,74.110001,74.870003,74.029999,74.769997,3766400,73.094127
2016-10-11,74.529999,74.82,73.279999,73.690002,3694800,72.03833900000001
2016-10-12,73.779999,74.449997,73.370003,74.0,4128900,72.341388
2016-10-13,73.360001,74.160004,72.839996,73.900002,4574000,72.24363100000001
2016-10-14,74.599998,74.599998,72.760002,73.220001,4494200,71.578872
2016-10-17,73.220001,73.220001,71.860001,72.470001,5608500,70.845682
2016-10-18,73.279999,73.309998,71.769997,72.57,3814000,70.94344
2016-10-19,73.41999799999999,75.599998,72.970001,74.510002,5840000,72.839959
2016-10-20,73.949997,74.709999,73.379997,74.099998,4088600,72.439145
2016-10-21,73.470001,74.660004,72.790001,74.610001,4983800,72.937717
2016-10-24,74.720001,75.400002,73.900002,75.029999,6117200,73.348301
2016-10-25,74.83000200000001,75.5,74.349998,74.43,4943800,72.761751
2016-10-26,73.699997,74.58000200000001,73.290001,74.389999,3678000,72.722646
2016-10-27,74.730003,74.889999,73.720001,73.790001,4124700,72.136096
2016-10-28,73.889999,74.760002,73.550003,73.629997,5823000,71.979679
2016-10-31,73.639999,73.690002,72.550003,72.910004,4722100,71.275823
2016-11-01,72.449997,72.839996,67.660004,69.0,13046300,67.453457
2016-11-02,68.720001,68.870003,67.099998,67.790001,5810300,66.270578
2016-11-03,68.0,68.0,66.83000200000001,67.449997,7863000,65.938195
2016-11-04,67.410004,68.269997,66.559998,66.589996,7713900,65.09747
2016-11-07,67.470001,67.82,66.800003,67.25,5855500,65.742681
2016-11-08,67.089996,67.43,66.459999,66.889999,4283000,65.390749
2016-11-09,66.75,67.660004,66.120003,66.900002,8582900,65.400527
2016-11-10,66.790001,66.980003,65.599998,65.720001,9215400,64.246975
2016-11-11,65.370003,65.370003,64.400002,64.949997,7290200,63.494229000000004
2016-11-14,64.57,66.059998,64.370003,65.769997,8700300,64.29585
2016-11-15,66.300003,68.839996,66.190002,68.489998,7442800,66.954886
2016-11-16,68.279999,69.879997,68.160004,68.93,7106400,67.385026
2016-11-17,69.550003,70.290001,67.699997,67.809998,6668000,66.290127
2016-11-18,68.029999,68.849998,67.93,68.220001,5490200,66.69094100000001
2016-11-21,69.300003,70.25,69.110001,69.230003,4330900,67.67830500000001
2016-11-22,69.83000200000001,70.150002,68.720001,69.290001,5663100,67.736958
2016-11-23,68.769997,70.129997,68.769997,69.849998,3954500,68.28440400000001
2016-11-25,69.470001,69.959999,69.269997,69.75,1319200,68.186646
2016-11-28,70.18,70.18,68.279999,68.389999,3836700,66.857128
2016-11-29,67.379997,68.0,66.849998,67.57,3975300,66.05550799999999
2016-11-30,69.459999,72.050003,68.970001,71.360001,9434900,69.760561
2016-12-01,72.900002,72.959999,71.099998,71.269997,5690800,69.672574
2016-12-02,71.099998,71.540001,70.660004,70.849998,4153300,69.26199
2016-12-05,71.290001,72.129997,70.940002,70.980003,4933400,69.389081
2016-12-06,70.480003,71.260002,70.099998,70.410004,4643800,68.831857
2016-12-07,69.519997,69.75,67.809998,68.639999,8381800,67.833718
2016-12-08,68.959999,69.370003,68.120003,69.32,6258100,68.50573100000001
2016-12-09,69.480003,70.790001,69.309998,70.58000200000001,4563500,69.75093199999999
2016-12-12,72.25,72.470001,71.279999,71.389999,5439500,70.551415
2016-12-13,72.0,72.889999,71.449997,72.349998,4355500,71.500137
2016-12-14,71.720001,72.300003,70.809998,70.959999,3741200,70.12646600000001
2016-12-15,70.32,71.639999,69.800003,71.300003,4855300,70.462476
2016-12-16,72.239998,73.510002,71.690002,73.440002,9264700,72.577338
2016-12-19,73.209999,73.260002,72.220001,72.470001,3490900,71.61873
2016-12-20,72.57,72.870003,71.989998,72.379997,2953100,71.52978399999999
2016-12-21,72.709999,72.709999,72.050003,72.160004,2450400,71.312374
2016-12-22,72.08000200000001,72.620003,71.730003,72.360001,3700600,71.51002199999999
2016-12-23,72.220001,72.510002,71.599998,72.110001,2344200,71.262959
2016-12-27,72.099998,72.540001,71.809998,72.349998,2200500,71.500137
2016-12-28,72.33000200000001,72.529999,71.629997,71.870003,2373400,71.02578000000001
2016-12-29,71.809998,71.949997,71.199997,71.599998,1939700,70.75894699999999
2016-12-30,71.510002,71.849998,71.019997,71.230003,2641600,70.393298
